0 0.7775973618556691 0.11846666619529617 0.7657820349455733 0.016452576247960427 0.9235110411963205 -0.0018156992472251818 0.935326489541012 0.1001982358540947
0 0.3401055505635213 1.0339230652718006 0.27632450655153207 0.9415566890037252 0.4360802390054914 0.8312719766658733 0.49986064037921096 0.923635807207753
0 0.8267922327817132 0.7509894247910374 0.7763885937080204 0.6391904713152302 0.9907759082670964 0.5425477934573372 1.0411802087934348 0.6543440727529286
0 0.6668730981593853 0.5764978802217496 0.6838358693607915 0.6530485253553234 0.46292993452505016 0.7019890259290421 0.4459690914919747 0.6254400399377386
0 0.7523241098463131 0.4396755746137999 0.6831271608117504 0.30538104086617257 0.905025424765995 0.19104866995949393 0.974222606672356 0.32534155642367774
0 0.25386801023671524 0.37593561214217447 0.23286968500519833 0.27891331814215814 0.41859442794498136 0.23871803620372417 0.4395933752514338 0.3357394682300608
0 0.48919993592903666 0.5876665639735309 0.43380186277943267 0.5102788922533705 0.5826608016445789 0.403726009215237 0.6380585604874796 0.4811126425888117
0 1.0000005134993444 0.8771140531249998 0.9509789363239634 0.8771140531249998 0.9509793831862225 0.7982062984375 0.9999999718125991 0.7982062984375
0 0.38414014073646285 0.3992663383363397 0.3608428489438893 0.4813394269663074 0.2028290230556422 0.43648680033479303 0.22612683455349725 0.35441455864722227
0 0.7632961484166572 0.8937233500337088 0.7096392490306016 0.97027865706753 0.5858160702757687 0.8835114097611332 0.639472527088742 0.8069576633225372
0 0.040446713997653205 0.49374208177945855 0.036491351272729844 0.4278355759017176 0.2229277004028063 0.4166465292456354 0.22688386133552285 0.4825521828280791
0 0.9910802824912253 0.4085090620756072 1.0077004999454857 0.4905795171747453 0.8030706704970498 0.5320144970606703 0.7864518626519157 0.4499452817451003