0 0.848958 0.750927 0.853125 0.757408 0.860938 0.762038 0.870833 0.773148 0.873437 0.773148 0.88177 0.785186 0.891667 0.793519 0.907292 0.816667 0.922395 0.823148 0.93073 0.818519 0.934895 0.796297 0.933333 0.767592 0.935937 0.743519 0.933855 0.712037 0.922395 0.682408 0.91302 0.666667 0.909895 0.652778 0.89948 0.634259 0.895833 0.630556 0.876563 0.632408 0.864583 0.646297 0.832812 0.666667 0.822917 0.682408 0.822395 0.698148 0.825 0.725 0.836458 0.741667 0.848958 0.750927
0 0.120313 0 0.11198 0.0148141 0.108333 0.0277781 0.104167 0.05 0.102083 0.0537031 0.0979172 0.0851859 0.0979172 0.116667 0.101562 0.130556 0.11302 0.141667 0.127605 0.141667 0.147395 0.159259 0.157812 0.162038 0.171875 0.152778 0.1875 0.148148 0.192188 0.139814 0.19375 0.132408 0.19323 0.103703 0.198437 0.0731484 0.19323 0.0509266 0.188542 0.0407406 0.186458 0.0277781 0.182292 0.0212969 0.178645 0.00740781 0.17552 0.00462969 0.17448 0 0.120313 0
0 0.652083 0.160186 0.65625 0.171297 0.6625 0.200927 0.6875 0.248148 0.707292 0.273148 0.71198 0.275 0.740105 0.27963 0.760417 0.277778 0.773438 0.27037 0.78073 0.250927 0.78125 0.226852 0.784375 0.213889 0.777083 0.184259 0.773958 0.163889 0.76875 0.148148 0.763542 0.141667 0.758855 0.128703 0.746355 0.112037 0.742188 0.0981484 0.726562 0.0694437 0.709895 0.0527781 0.698958 0.05 0.682813 0.0509266 0.676562 0.0462969 0.666667 0.0462969 0.651563 0.0638891 0.64948 0.0740734 0.64948 0.0953703 0.646355 0.112037 0.646355 0.125927 0.652083 0.160186
0 0.62552 0.593519 0.642708 0.593519 0.64948 0.600927 0.659375 0.605556 0.667708 0.60463 0.679688 0.591667 0.68177 0.569444 0.68073 0.544444 0.677083 0.537038 0.664062 0.486111 0.659895 0.448148 0.65625 0.437962 0.65052 0.398148 0.648438 0.388889 0.64427 0.382408 0.629687 0.385186 0.625 0.392592 0.616145 0.44537 0.6125 0.456481 0.609375 0.480556 0.60573 0.493519 0.60573 0.563889 0.607292 0.571297 0.615105 0.584259 0.62552 0.593519
0 0.2625 0.709259 0.270313 0.716667 0.29323 0.725927 0.310937 0.725927 0.323437 0.716667 0.332292 0.698148 0.333855 0.687037 0.33177 0.566667 0.326042 0.557408 0.31302 0.55 0.304688 0.541667 0.28698 0.541667 0.271355 0.557408 0.26302 0.569444 0.254688 0.6 0.245833 0.619444 0.238542 0.648148 0.2375 0.671297 0.239583 0.677778 0.255208 0.696297 0.2625 0.709259
0 0.495833 0.55 0.51302 0.564814 0.519792 0.575927 0.528645 0.575927 0.534375 0.568519 0.539583 0.524073 0.5375 0.471297 0.529687 0.438889 0.52448 0.425927 0.514583 0.411111 0.509895 0.393519 0.505208 0.389814 0.495833 0.391667 0.473958 0.400927 0.45052 0.419444 0.442708 0.435186 0.44323 0.460186 0.445312 0.473148 0.460938 0.494444 0.495833 0.55
0 0.54948 0.237038 0.555208 0.238889 0.56823 0.232408 0.58073 0.214814 0.584895 0.20463 0.586458 0.198148 0.585417 0.135186 0.5875 0.113889 0.578645 0.0685187 0.56927 0.0398141 0.561458 0.0259266 0.55625 0.0259266 0.55052 0.0324078 0.527083 0.0731484 0.521355 0.0777781 0.513542 0.102778 0.50625 0.119444 0.507292 0.148148 0.534895 0.196297 0.54375 0.227778 0.54948 0.237038
0 0.34948 0.771297 0.354687 0.774073 0.35625 0.777778 0.359895 0.780556 0.365105 0.77963 0.370312 0.771297 0.379688 0.768519 0.39375 0.757408 0.416145 0.723148 0.41875 0.69537 0.425 0.675927 0.425 0.643519 0.422395 0.637038 0.41302 0.627778 0.404167 0.623148 0.396355 0.621297 0.38177 0.625927 0.35677 0.656481 0.347917 0.684259 0.336458 0.698148 0.327083 0.713889 0.327083 0.734259 0.332292 0.75 0.341667 0.757408 0.34948 0.771297
0 0.910417 0.173148 0.914062 0.177778 0.922395 0.177778 0.932292 0.173148 0.942187 0.15463 0.94375 0.148148 0.96198 0.116667 0.975 0.0712969 0.973958 0.0527781 0.96823 0.0416672 0.955208 0.0305563 0.946875 0.0259266 0.934895 0.0259266 0.926562 0.0398141 0.922395 0.0592594 0.91302 0.0694437 0.903645 0.0870375 0.895312 0.0944438 0.892708 0.101852 0.88177 0.113889 0.873958 0.127778 0.872395 0.136111 0.875 0.146297 0.8875 0.160186 0.910417 0.173148
0 0.854167 0.491667 0.863542 0.485186 0.86927 0.485186 0.89375 0.488889 0.907292 0.496297 0.917188 0.496297 0.93125 0.481481 0.9375 0.463889 0.939063 0.446297 0.93698 0.418519 0.93073 0.380556 0.922395 0.366667 0.903645 0.385186 0.90052 0.385186 0.884375 0.413889 0.87552 0.419444 0.872395 0.425927 0.848958 0.441667 0.83125 0.449073 0.82552 0.456481 0.825 0.461111 0.833855 0.480556 0.844792 0.493519 0.854167 0.491667
0 0.377083 0.957408 0.383333 0.957408 0.392188 0.952778 0.40573 0.927778 0.414062 0.893519 0.414583 0.877778 0.422917 0.823148 0.422395 0.809259 0.419792 0.798148 0.410417 0.785186 0.401042 0.780556 0.391667 0.771297 0.382812 0.769444 0.376042 0.773148 0.370833 0.780556 0.370312 0.787038 0.364063 0.806481 0.360938 0.827778 0.35625 0.840741 0.357812 0.916667 0.360938 0.941667 0.366145 0.950927 0.377083 0.957408
