0 0.232334 0.362155 0.229467 0.353958 0.218019 0.339948 0.201519 0.329647 0.150866 0.314348 0.109684 0.309091 0.0917984 0.311486 0.076925 0.321548 0.0745062 0.330542 0.0672312 0.338747 0.0561391 0.380014 0.0517437 0.385044 0.0422406 0.439269 0.0305781 0.482653 0.0343906 0.491114 0.064575 0.499553 0.0860906 0.498742 0.0939734 0.495827 0.117039 0.500569 0.149461 0.493138 0.177428 0.464552 0.189706 0.456608 0.200575 0.442581 0.203689 0.442314 0.230234 0.419019 0.236828 0.390714 0.232334 0.362155
0 0.488014 0.244786 0.486166 0.251664 0.492613 0.265411 0.482619 0.295041 0.49355 0.307198 0.493356 0.311695 0.498305 0.315922 0.503575 0.326497 0.509467 0.330989 0.529794 0.338378 0.55357 0.340475 0.582011 0.347858 0.605464 0.343608 0.645733 0.325855 0.665144 0.310236 0.673984 0.296211 0.67215 0.291717 0.659991 0.280353 0.619017 0.259228 0.561245 0.240231 0.50997 0.231016 0.498831 0.234727 0.488014 0.244786
0 0.843781 0.188961 0.84992 0.184989 0.855025 0.177316 0.870753 0.164078 0.88148 0.150581 0.886884 0.130477 0.88368 0.127306 0.882841 0.119108 0.875219 0.102188 0.863203 0.0902953 0.861144 0.08915 0.783669 0.0674891 0.77505 0.0673547 0.75617 0.0734531 0.748003 0.0774266 0.743467 0.0829844 0.703767 0.0986203 0.69843 0.103386 0.696581 0.110264 0.698595 0.121634 0.705753 0.132738 0.72998 0.152025 0.752514 0.166289 0.768783 0.173681 0.831041 0.191088 0.843781 0.188961
0 1 0.26563 0.986459 0.261844 0.94113 0.253153 0.873933 0.261669 0.86048 0.266441 0.859627 0.269616 0.840036 0.278359 0.839738 0.290789 0.854105 0.309027 0.856456 0.315373 0.867866 0.321977 0.875075 0.329111 0.895348 0.340467 0.92468 0.352081 0.969673 0.365798 0.995233 0.376358 1 0.377641 1 0.26563
0 0.504131 0.109359 0.51027 0.105387 0.513219 0.0868703 0.493258 0.0517109 0.493311 0.0477438 0.477355 0.0165469 0.467859 0.00544375 0.265575 0.00309063 0.268262 0.00587031 0.280331 0.0137953 0.307919 0.0243531 0.351617 0.0542047 0.393677 0.0750641 0.421961 0.0943484 0.432053 0.0983078 0.439689 0.103856 0.448695 0.108081 0.469591 0.113353 0.488934 0.113073 0.504131 0.109359
0 0 0.775991 0.0147922 0.767775 0.0348469 0.76485 0.0644406 0.756628 0.0682656 0.753716 0.104461 0.747339 0.118161 0.734105 0.114723 0.728023 0.0943078 0.717197 0.0287578 0.693181 0.0122953 0.690284 0 0.692008 0 0.775991
0 0.754711 0.709 0.758469 0.721428 0.764077 0.726978 0.783459 0.734103 0.805348 0.735673 0.819977 0.734073 0.824887 0.730897 0.826452 0.725077 0.822086 0.707359 0.816247 0.698902 0.803325 0.694152 0.791295 0.693631 0.777572 0.688089 0.755112 0.688636 0.750847 0.704508 0.754711 0.709
0 0.162988 0.205108 0.146667 0.201683 0.133925 0.203809 0.131934 0.211216 0.136456 0.217031 0.181511 0.256931 0.231491 0.282281 0.255073 0.288875 0.268848 0.29045 0.286733 0.288056 0.307552 0.278519 0.310719 0.274284 0.330025 0.266598 0.3323 0.258133 0.318681 0.244656 0.291611 0.23595 0.227842 0.220395 0.208408 0.217238 0.162988 0.205108
0 0.930073 0.52822 0.934055 0.513406 0.922144 0.49358 0.91947 0.480887 0.909056 0.470581 0.888783 0.459225 0.854166 0.448408 0.816148 0.438917 0.791714 0.435498 0.757328 0.427592 0.725242 0.429997 0.707733 0.434772 0.699139 0.440333 0.692911 0.440867 0.678694 0.45225 0.675708 0.463361 0.659448 0.486119 0.648684 0.492211 0.645983 0.502264 0.650878 0.510458 0.648925 0.52527 0.656794 0.533728 0.676214 0.548259 0.730266 0.562233 0.765789 0.565908 0.788428 0.572238 0.794514 0.572233 0.814855 0.568248 0.821134 0.563748 0.836758 0.558445 0.841295 0.552887 0.868006 0.547842 0.87395 0.548366 0.923508 0.53378 0.930073 0.52822
0 0.493428 0.779295 0.479189 0.771902 0.462741 0.757633 0.439547 0.742047 0.419273 0.730691 0.403522 0.725148 0.399322 0.725681 0.386239 0.774356 0.385694 0.79525 0.389775 0.814025 0.401919 0.836761 0.411764 0.849184 0.423173 0.855786 0.448927 0.861848 0.465816 0.863158 0.484359 0.862086 0.505784 0.857836 0.540275 0.857809 0.566327 0.851441 0.570061 0.845091 0.56598 0.826316 0.556794 0.815214 0.548214 0.809403 0.513792 0.794091 0.493428 0.779295
