0 0.681622 0.838269 0.664905 0.8353 0.646266 0.842173 0.618258 0.870978 0.601145 0.880452 0.595242 0.900269 0.598403 0.904923 0.615811 0.919995 0.629827 0.926378 0.644516 0.939736 0.673436 0.958383 0.70623 0.9676 0.732169 0.970244 0.751997 0.97557 0.790423 0.974228 0.793037 0.971169 0.789294 0.953864 0.768067 0.932291 0.761302 0.920041 0.750308 0.908605 0.750841 0.90587 0.741144 0.893 0.737859 0.883764 0.731873 0.877942 0.724664 0.862752 0.709425 0.847 0.681622 0.838269
0 0.108611 0 0.104527 0.0209234 0.11778 0.0260062 0.127567 0.0332016 0.14995 0.0436328 0.183262 0.0449891 0.213447 0.0519469 0.221583 0.0519609 0.231338 0.0489 0.239427 0.0335312 0.25208 0.0208359 0.251283 0.00927969 0.245833 0 0.108611 0
0 0.24023 0.69133 0.250716 0.679316 0.256833 0.658405 0.257711 0.627844 0.256719 0.622509 0.234392 0.596148 0.189683 0.559356 0.159697 0.546177 0.148825 0.53932 0.113847 0.525655 0.0991891 0.522553 0.0809609 0.522111 0.0584875 0.517355 0.0473125 0.517267 0.027675 0.52808 0.0307469 0.586678 0.0378047 0.597245 0.0648922 0.620059 0.0786953 0.627536 0.0937203 0.64438 0.106441 0.652197 0.112213 0.659112 0.127756 0.668095 0.148612 0.675925 0.178384 0.690198 0.192705 0.689813 0.218217 0.694642 0.24023 0.69133
0 0.490314 0.624689 0.541386 0.649733 0.548456 0.655214 0.574625 0.661892 0.598502 0.664667 0.614636 0.654988 0.617322 0.646445 0.614464 0.635022 0.608034 0.626259 0.611558 0.608216 0.603922 0.595212 0.591842 0.584116 0.584347 0.58082 0.510086 0.565105 0.495659 0.566036 0.469614 0.563941 0.457141 0.565286 0.399631 0.562794 0.390853 0.566061 0.384933 0.58075 0.390919 0.586572 0.400263 0.590827 0.441105 0.605734 0.451106 0.611836 0.490314 0.624689
0 0.782067 0.323745 0.803425 0.318586 0.815758 0.30753 0.819388 0.288939 0.814312 0.262813 0.808097 0.252958 0.795911 0.242406 0.779572 0.221867 0.773159 0.218233 0.748517 0.214156 0.716733 0.2154 0.694398 0.220353 0.660445 0.222278 0.646036 0.228337 0.626222 0.241225 0.622594 0.259816 0.62968 0.270427 0.634828 0.28575 0.643425 0.293833 0.770022 0.322903 0.782067 0.323745
0 0.603856 0.506945 0.612847 0.502584 0.614661 0.493289 0.604323 0.4837 0.592213 0.462347 0.540737 0.413305 0.521466 0.392145 0.508214 0.387062 0.481939 0.380933 0.463727 0.385619 0.439381 0.406088 0.425127 0.426984 0.42125 0.436414 0.424198 0.442161 0.441803 0.451013 0.455408 0.464709 0.46802 0.473072 0.500619 0.488513 0.555887 0.502487 0.603856 0.506945
0 0.13572 0.377122 0.116637 0.381055 0.0886547 0.383673 0.0825953 0.388653 0.0347984 0.404159 0.029075 0.407422 0.0274578 0.415702 0.0387734 0.425498 0.0671422 0.441752 0.113206 0.46118 0.136106 0.463748 0.202336 0.478905 0.209497 0.478712 0.221098 0.476612 0.242225 0.467419 0.251734 0.455197 0.250955 0.448769 0.242358 0.440686 0.21095 0.424359 0.165797 0.384627 0.13572 0.377122
0 0.761417 0.413891 0.791264 0.417361 0.832008 0.4015 0.846614 0.389219 0.851467 0.379997 0.861328 0.376391 0.863373 0.37113 0.861189 0.366681 0.857602 0.364214 0.855738 0.358125 0.842681 0.346822 0.836786 0.335325 0.821242 0.326342 0.799745 0.321792 0.781214 0.328119 0.764209 0.337047 0.733081 0.340137 0.695712 0.359559 0.687837 0.373834 0.688191 0.38245 0.691263 0.39278 0.699111 0.404689 0.705417 0.408872 0.739617 0.416109 0.761417 0.413891
0 0.0407344 0.777269 0.0447141 0.853194 0.0763469 0.842831 0.0835063 0.842639 0.105077 0.836386 0.111991 0.827031 0.113698 0.818283 0.109559 0.81342 0.100577 0.786467 0.0884828 0.770242 0.0782672 0.765234 0.0691531 0.765012 0.0528953 0.770112 0.0407344 0.777269
0 0.391937 0.9045 0.410822 0.906788 0.430669 0.904156 0.449184 0.892702 0.451213 0.882312 0.44617 0.866442 0.44728 0.839916 0.448453 0.833902 0.457214 0.825506 0.461091 0.816078 0.449653 0.8017 0.430948 0.788062 0.425955 0.787575 0.416964 0.791936 0.405519 0.808872 0.384103 0.829961 0.376623 0.831794 0.368947 0.839848 0.335347 0.850389 0.334706 0.853669 0.311322 0.869217 0.32427 0.881069 0.36305 0.896108 0.391937 0.9045
0 1 0.397608 0.927633 0.380744 0.912992 0.382769 0.889878 0.381294 0.868078 0.383513 0.861131 0.382611 0.852247 0.386425 0.846952 0.392706 0.847091 0.402416 0.854941 0.414325 0.857905 0.425202 0.869662 0.437939 0.880855 0.443155 0.895405 0.446803 0.954762 0.450255 0.97148 0.453223 1 0.452397 1 0.397608
