0 0.194253 0.36403 0.164744 0.343941 0.140252 0.339489 0.133464 0.333517 0.112444 0.32423 0.0796141 0.320597 0.0728906 0.327395 0.0693047 0.374572 0.0598016 0.431536 0.0623984 0.438206 0.0589875 0.483081 0.0633312 0.494005 0.0625875 0.503786 0.0738047 0.519531 0.0906781 0.528941 0.133286 0.540036 0.188773 0.545016 0.208703 0.541419 0.224923 0.532191 0.230622 0.52528 0.245033 0.499027 0.248375 0.468647 0.230219 0.435309 0.227228 0.433817 0.221358 0.415764 0.211973 0.403122 0.194253 0.36403
0 0.571852 0.67733 0.541117 0.673348 0.516844 0.666022 0.494142 0.66525 0.486742 0.667333 0.477834 0.67563 0.471461 0.677825 0.470084 0.682314 0.455022 0.68993 0.454581 0.72295 0.443403 0.733897 0.442836 0.741377 0.450037 0.755517 0.459772 0.763556 0.513753 0.77475 0.57758 0.778913 0.625516 0.774353 0.641517 0.768002 0.644902 0.764316 0.641039 0.747062 0.627269 0.724073 0.593591 0.690758 0.571852 0.67733
0 0.798725 1 0.799552 0.989127 0.793637 0.971648 0.782681 0.95245 0.780303 0.942905 0.775611 0.936584 0.763737 0.929469 0.696027 0.921977 0.677341 0.922809 0.650053 0.927913 0.619339 0.937278 0.608381 0.945347 0.60242 0.955711 0.601852 0.963191 0.605475 0.969973 0.63825 1 0.798725 1
0 0.942297 0.921378 0.962816 0.923648 0.973294 0.921908 0.977402 0.922314 0.985747 0.812514 0.961934 0.812739 0.912603 0.808441 0.879511 0.808261 0.855477 0.811403 0.84585 0.815559 0.83225 0.817534 0.827709 0.822834 0.807123 0.835061 0.803083 0.847377 0.819431 0.863691 0.819169 0.867142 0.830823 0.877134 0.894384 0.912016 0.942297 0.921378
0 0.324967 0.862933 0.290236 0.870694 0.241319 0.874563 0.187639 0.886608 0.156644 0.88608 0.14193 0.889092 0.121562 0.898442 0.110167 0.912266 0.0936844 0.924945 0.0646719 0.939141 0.0493031 0.950784 0.0474516 0.962183 0.279858 0.987898 0.297055 0.985159 0.321395 0.977991 0.352677 0.961147 0.379355 0.93683 0.380687 0.932917 0.412713 0.906292 0.416252 0.886958 0.411559 0.880636 0.397808 0.870992 0.378753 0.863083 0.356227 0.860009 0.345836 0.8606 0.336339 0.863031 0.324967 0.862933
0 0.241783 0.119817 0.247306 0.115208 0.238359 0.0968125 0.204745 0.0762687 0.201973 0.0719 0.175542 0.0521516 0.156705 0.0413641 0.141514 0.0234391 0.122372 0.0166797 0.112319 0.00261406 0.0624891 0.00145469 0.0621031 0.00652969 0.0659656 0.0237813 0.0650906 0.0352875 0.0693453 0.0473625 0.0756969 0.0590875 0.0871328 0.0719562 0.100642 0.0983984 0.10935 0.106325 0.127205 0.116422 0.144514 0.120078 0.217794 0.122384 0.241783 0.119817
0 0.884142 0.420642 0.899663 0.420619 0.911755 0.424858 0.926206 0.425295 0.934937 0.4193 0.945439 0.403637 0.94592 0.397309 0.942167 0.392252 0.928241 0.384909 0.90602 0.377809 0.884345 0.377152 0.876856 0.380384 0.8688 0.391095 0.863409 0.39398 0.862097 0.411241 0.884142 0.420642
0 0.0785719 0.63377 0.0779594 0.641825 0.0898328 0.648941 0.107186 0.652022 0.156387 0.658045 0.176731 0.662617 0.245294 0.672525 0.275134 0.674666 0.293319 0.666816 0.294017 0.657611 0.277583 0.642448 0.275925 0.637042 0.258637 0.619466 0.241766 0.610056 0.227578 0.606166 0.20193 0.603328 0.143602 0.608477 0.0850766 0.62985 0.0785719 0.63377
0 0.978152 0.653828 0.979377 0.637719 0.974816 0.629672 0.930834 0.595797 0.924766 0.593966 0.90008 0.57847 0.897527 0.571225 0.883908 0.559856 0.879258 0.552959 0.860509 0.541022 0.854484 0.538614 0.829862 0.535891 0.793409 0.525475 0.735019 0.517853 0.710722 0.524448 0.699983 0.529641 0.69675 0.544948 0.689044 0.551058 0.688213 0.561989 0.696747 0.572216 0.704906 0.600966 0.703987 0.613048 0.714092 0.629831 0.720073 0.632812 0.726642 0.641663 0.742314 0.653259 0.773244 0.668284 0.810047 0.674098 0.835433 0.680387 0.876383 0.68608 0.91443 0.689128 0.938462 0.685986 0.952369 0.679983 0.959442 0.668583 0.978152 0.653828
0 0.654519 0.134159 0.636533 0.125786 0.619355 0.120405 0.591742 0.116189 0.578142 0.118166 0.564061 0.12647 0.544108 0.143987 0.533519 0.160802 0.52677 0.18152 0.522748 0.234452 0.52672 0.236631 0.544248 0.237411 0.568283 0.234267 0.596683 0.228128 0.617945 0.220617 0.634622 0.218981 0.659944 0.212502 0.699367 0.211063 0.709889 0.208745 0.722856 0.201478 0.733445 0.184664 0.731961 0.176958 0.708389 0.160425 0.67425 0.146784 0.654519 0.134159
