0 0.8375 0.741667 0.848437 0.748148 0.857812 0.759259 0.863542 0.762038 0.872917 0.773148 0.884895 0.780556 0.90052 0.80463 0.914062 0.818519 0.925 0.821297 0.93073 0.816667 0.934895 0.800927 0.935417 0.788889 0.933333 0.776852 0.936458 0.752778 0.934895 0.716667 0.930208 0.698148 0.913542 0.664814 0.90625 0.641667 0.898958 0.630556 0.891667 0.627778 0.875 0.632408 0.86198 0.648148 0.85052 0.652778 0.84375 0.660186 0.832292 0.666667 0.822917 0.680556 0.822395 0.698148 0.825 0.723148 0.83177 0.735186 0.8375 0.741667
0 0.120313 0 0.1125 0.0148141 0.10625 0.0379625 0.0979172 0.0870375 0.0984375 0.121297 0.102605 0.132408 0.117708 0.143519 0.129688 0.141667 0.148958 0.160186 0.157812 0.162038 0.172395 0.152778 0.185417 0.15 0.19323 0.137037 0.19323 0.105556 0.198958 0.0777781 0.198958 0.0694437 0.1875 0.0351859 0.185938 0.0259266 0.17448 0 0.120313 0
0 0.652083 0.155556 0.6625 0.200927 0.672917 0.216667 0.685417 0.241667 0.70625 0.271297 0.729167 0.277778 0.753645 0.277778 0.76875 0.273148 0.772395 0.271297 0.778645 0.259259 0.78125 0.246297 0.78177 0.225 0.784895 0.210186 0.777605 0.182408 0.77448 0.162038 0.759375 0.127778 0.746355 0.109259 0.741667 0.0944438 0.728125 0.0694437 0.70625 0.0509266 0.69948 0.0481484 0.68802 0.0509266 0.672395 0.0444437 0.66875 0.0444437 0.661458 0.0509266 0.65052 0.0685187 0.65 0.0925922 0.647395 0.106481 0.647395 0.127778 0.652083 0.155556
0 0.361458 0.225927 0.366667 0.238889 0.366667 0.246297 0.383333 0.280556 0.391145 0.285186 0.40052 0.285186 0.404167 0.280556 0.4125 0.277778 0.42552 0.282408 0.429688 0.282408 0.433333 0.277778 0.44323 0.27963 0.445312 0.273148 0.448437 0.273148 0.451042 0.268519 0.460417 0.262038 0.466145 0.252778 0.46875 0.238889 0.46875 0.193519 0.45625 0.161111 0.452083 0.143519 0.44948 0.121297 0.44323 0.102778 0.439063 0.0981484 0.433333 0.0833328 0.430208 0.0648141 0.423958 0.0527781 0.41823 0.05 0.415625 0.0444437 0.405208 0.0398141 0.39427 0.0398141 0.38802 0.0435188 0.364583 0.0416672 0.348958 0.0462969 0.333333 0.0555562 0.31927 0.0805562 0.317708 0.10463 0.3125 0.126852 0.31198 0.155556 0.314583 0.171297 0.34427 0.212038 0.361458 0.225927
0 0.626042 0.591667 0.640625 0.591667 0.64948 0.6 0.65573 0.600927 0.660937 0.605556 0.666667 0.60463 0.679167 0.591667 0.68177 0.562037 0.68073 0.543519 0.675 0.52963 0.664583 0.481481 0.660937 0.461111 0.659895 0.443519 0.65625 0.433333 0.648958 0.388889 0.644792 0.382408 0.634375 0.382408 0.62552 0.387038 0.60573 0.497222 0.60573 0.562963 0.607812 0.571297 0.61302 0.580556 0.626042 0.591667
0 0.591145 0.900927 0.614583 0.909259 0.64948 0.916667 0.6625 0.925927 0.704167 0.925927 0.723958 0.900927 0.73073 0.850927 0.73073 0.813889 0.728125 0.798148 0.720313 0.77963 0.71823 0.769444 0.710417 0.757408 0.688542 0.741667 0.676562 0.739814 0.664583 0.732408 0.655208 0.732408 0.647395 0.737038 0.607292 0.748148 0.582292 0.760186 0.570312 0.762038 0.564583 0.766667 0.554688 0.782408 0.551042 0.793519 0.54948 0.807408 0.5375 0.825927 0.53125 0.855556 0.53125 0.872222 0.542708 0.882408 0.56198 0.882408 0.591145 0.900927
0 0.461458 0.494444 0.48802 0.538889 0.492188 0.541667 0.501563 0.555556 0.514062 0.564814 0.523438 0.575927 0.528645 0.575927 0.534895 0.568519 0.536458 0.539814 0.539583 0.523148 0.539583 0.480556 0.5375 0.464814 0.530208 0.439814 0.515105 0.410186 0.509375 0.391667 0.494792 0.391667 0.46927 0.402778 0.460938 0.412038 0.451042 0.418519 0.44323 0.431481 0.441667 0.443519 0.445312 0.472222 0.451562 0.485186 0.461458 0.494444
0 0.53073 0.184259 0.53698 0.199073 0.54323 0.223148 0.55052 0.237038 0.55625 0.238889 0.570312 0.22963 0.584895 0.205556 0.58698 0.196297 0.584895 0.167592 0.58698 0.112037 0.579167 0.0694437 0.56875 0.0370375 0.560937 0.0231484 0.55573 0.025 0.545833 0.0388891 0.53073 0.0666672 0.520312 0.0787031 0.517708 0.0907406 0.50677 0.12037 0.50625 0.141667 0.507812 0.148148 0.514583 0.162963 0.53073 0.184259
0 0.345313 0.768519 0.360938 0.782408 0.367188 0.77963 0.372917 0.771297 0.392188 0.760186 0.417187 0.721297 0.41875 0.69537 0.42552 0.677778 0.425 0.641667 0.416667 0.630556 0.404687 0.623148 0.38177 0.625927 0.372395 0.638889 0.36927 0.639814 0.360417 0.65463 0.357812 0.655556 0.345833 0.685186 0.3375 0.693519 0.33177 0.703703 0.329167 0.716667 0.328645 0.738889 0.33125 0.750927 0.342187 0.762038 0.345313 0.768519
0 0.916145 0.175927 0.928645 0.175927 0.936458 0.168519 0.939583 0.157408 0.951042 0.133333 0.96198 0.116667 0.975 0.0712969 0.973437 0.0481484 0.96875 0.0398141 0.964583 0.0388891 0.951562 0.0277781 0.935417 0.0259266 0.925 0.0435188 0.920312 0.0620375 0.9125 0.0694437 0.90573 0.0842594 0.89948 0.0898141 0.891667 0.10463 0.88177 0.113889 0.87448 0.126852 0.873958 0.141667 0.877083 0.148148 0.88802 0.159259 0.916145 0.175927
0 0.11875 0.8 0.123438 0.807408 0.126042 0.818519 0.134895 0.834259 0.15625 0.85463 0.17448 0.855556 0.1875 0.848148 0.192708 0.841667 0.197395 0.82963 0.201563 0.783333 0.209895 0.755556 0.2125 0.738889 0.214062 0.710186 0.20573 0.698148 0.195312 0.688889 0.184895 0.669444 0.164583 0.671297 0.15573 0.675927 0.145833 0.687963 0.14323 0.696297 0.11927 0.733333 0.11198 0.749073 0.11198 0.755556 0.108333 0.766667 0.11198 0.781481 0.11875 0.8
0 0.8375 0.487038 0.84375 0.491667 0.85 0.491667 0.86198 0.485186 0.876042 0.485186 0.892708 0.487038 0.897917 0.488889 0.901042 0.493519 0.915625 0.496297 0.930208 0.480556 0.9375 0.463889 0.939063 0.455556 0.9375 0.418519 0.930208 0.377778 0.925 0.366667 0.920312 0.366667 0.915105 0.374073 0.896875 0.387962 0.89375 0.397222 0.885417 0.411111 0.876563 0.416667 0.866667 0.42963 0.847395 0.441667 0.8375 0.444444 0.83073 0.449073 0.826562 0.455556 0.826042 0.460186 0.83073 0.468519 0.832812 0.477778 0.8375 0.487038
0 0.361458 0.997222 0.398438 0.998148 0.408333 0.975927 0.413542 0.957408 0.420312 0.917592 0.428645 0.888889 0.43125 0.866667 0.42552 0.851852 0.410417 0.827778 0.398958 0.819444 0.38802 0.816667 0.375 0.839814 0.371875 0.859259 0.36302 0.882408 0.36198 0.897222 0.36198 0.938889 0.359895 0.951852 0.359895 0.982408 0.361458 0.997222
