0 0.254236 0 0.255375 0.0028125 0.26998 0.0200531 0.292114 0.0390422 0.299095 0.0550703 0.31685 0.0766797 0.327745 0.0983031 0.338331 0.104958 0.366355 0.112728 0.383698 0.11438 0.398741 0.106827 0.418623 0.0884375 0.425278 0.0784453 0.443934 0.0670453 0.44905 0.0490719 0.445419 0.0418641 0.431013 0.0290766 0.415378 0.023275 0.387809 0.00176406 0.383516 0 0.254236 0
0 0.816566 0.918066 0.811063 0.932661 0.824044 0.947986 0.83968 0.953786 0.862088 0.95665 0.939813 0.952577 0.952231 0.881892 0.903742 0.856778 0.894213 0.855264 0.878209 0.857141 0.862678 0.856328 0.837136 0.851163 0.826086 0.852722 0.817517 0.856884 0.809731 0.873328 0.800595 0.880717 0.798802 0.89093 0.816566 0.918066
0 0.51622 0.291262 0.503917 0.283228 0.492859 0.279261 0.463222 0.275102 0.448455 0.275517 0.439697 0.280755 0.432855 0.291823 0.434297 0.300341 0.442222 0.310994 0.444711 0.319125 0.440539 0.331722 0.444266 0.338392 0.456861 0.350341 0.472402 0.356678 0.52558 0.366237 0.542442 0.36505 0.572552 0.366522 0.585602 0.364728 0.645436 0.364294 0.653909 0.360669 0.660658 0.350137 0.658073 0.342544 0.637288 0.332609 0.613839 0.326672 0.599442 0.319411 0.579711 0.314616 0.532997 0.296139 0.51622 0.291262
0 0.383177 0.630366 0.343725 0.626305 0.320372 0.61983 0.29283 0.614898 0.279873 0.616153 0.256925 0.624109 0.24627 0.63457 0.243145 0.646783 0.244888 0.664741 0.250245 0.678853 0.282408 0.71325 0.290513 0.717302 0.31548 0.720166 0.353489 0.715709 0.375106 0.709753 0.394733 0.709558 0.411492 0.703381 0.428431 0.690603 0.433575 0.689211 0.43633 0.684677 0.432681 0.666414 0.422164 0.642641 0.416059 0.638356 0.383177 0.630366
0 0.481761 0.431653 0.461747 0.428472 0.445075 0.428584 0.439366 0.433202 0.43842 0.438577 0.452167 0.455128 0.461817 0.472686 0.486716 0.492667 0.527747 0.532342 0.544052 0.539908 0.566734 0.544619 0.587306 0.539048 0.606717 0.523347 0.619836 0.504436 0.627339 0.489606 0.627331 0.48408 0.605875 0.47238 0.597572 0.463878 0.580694 0.454011 0.540555 0.437133 0.495858 0.429475 0.481761 0.431653
0 1 0.478602 0.995275 0.475161 0.984217 0.471194 0.970008 0.462856 0.927492 0.448362 0.91615 0.446006 0.905289 0.446491 0.882322 0.443392 0.847345 0.436173 0.831813 0.435362 0.803627 0.445248 0.793736 0.456936 0.792225 0.465538 0.807869 0.476864 0.844581 0.496514 0.856798 0.510612 0.881406 0.52668 0.90323 0.530702 0.930661 0.525116 0.950572 0.523308 0.956658 0.516541 1 0.498947 1 0.478602
0 0.35558 0.530942 0.322508 0.524028 0.291642 0.526856 0.269534 0.524447 0.225739 0.545111 0.211669 0.563872 0.202147 0.567883 0.198061 0.574416 0.205891 0.585606 0.227072 0.604445 0.230892 0.610578 0.239092 0.614091 0.258152 0.61712 0.264153 0.616417 0.285772 0.610461 0.295191 0.601459 0.307956 0.60128 0.324244 0.597791 0.34557 0.58792 0.358989 0.57845 0.368116 0.565534 0.370005 0.554784 0.365505 0.541361 0.358447 0.536923 0.35558 0.530942
0 0.650245 0.0302219 0.631091 0.0277297 0.608708 0.0324594 0.593297 0.0476906 0.592173 0.0596688 0.596389 0.0747047 0.595084 0.0932828 0.593762 0.100808 0.582825 0.112883 0.583408 0.120711 0.587134 0.127381 0.596098 0.132122 0.610411 0.145448 0.617177 0.14597 0.626028 0.140195 0.635531 0.12513 0.643525 0.118664 0.648367 0.107831 0.680253 0.0880359 0.700825 0.0824656 0.715283 0.0670828 0.726228 0.0605344 0.721455 0.0542516 0.709822 0.0479812 0.650245 0.0302219
0 1 0.0584125 0.985764 0.0609047 0.951773 0.0759453 0.931391 0.0804406 0.923492 0.0863688 0.919886 0.0957406 0.938913 0.137995 0.947216 0.146498 0.963322 0.149611 1 0.132984 1 0.0584125
0 0.0476047 0.505191 0.0286563 0.512677 0.0239172 0.5285 0.0245953 0.535791 0.0308031 0.545066 0.0530141 0.552464 0.0825578 0.557159 0.0926625 0.560977 0.113534 0.564847 0.136502 0.567945 0.184323 0.563392 0.198808 0.564589 0.210517 0.559267 0.214983 0.550584 0.213917 0.539917 0.208191 0.533481 0.198823 0.514311 0.18852 0.506042 0.165837 0.501331 0.0739875 0.499992 0.0476047 0.505191
