0 0.847395 0.750927 0.865105 0.771297 0.879167 0.780556 0.89375 0.80463 0.907813 0.821297 0.91823 0.827778 0.930208 0.827778 0.934895 0.818519 0.9375 0.807408 0.9375 0.744444 0.935417 0.713889 0.93125 0.707408 0.928645 0.696297 0.9125 0.666667 0.909375 0.650927 0.89948 0.635186 0.89323 0.630556 0.87552 0.632408 0.86198 0.648148 0.851562 0.652778 0.83125 0.668519 0.821875 0.681481 0.820833 0.698148 0.823958 0.725927 0.828645 0.737038 0.847395 0.750927
0 0.122917 0 0.11302 0.0148141 0.1 0.0768516 0.0989578 0.111111 0.102083 0.126852 0.114583 0.141667 0.129167 0.138889 0.152083 0.160186 0.16198 0.160186 0.170313 0.152778 0.18698 0.148148 0.192188 0.140741 0.195312 0.130556 0.19427 0.105556 0.195833 0.0907406 0.2 0.0759266 0.2 0.0666672 0.178125 0 0.122917 0
0 0.610417 0.573148 0.619792 0.587037 0.62552 0.591667 0.63802 0.589814 0.645312 0.593519 0.654167 0.602778 0.66198 0.605556 0.673438 0.600927 0.679688 0.593519 0.682292 0.57963 0.682813 0.550927 0.68073 0.539814 0.675 0.526852 0.672917 0.510186 0.6625 0.462962 0.660937 0.443519 0.65625 0.428703 0.654167 0.405556 0.647917 0.384259 0.641145 0.380556 0.630208 0.385186 0.62552 0.392592 0.616145 0.449073 0.6125 0.461111 0.609375 0.489814 0.60573 0.505556 0.60677 0.557408 0.610417 0.573148
0 0.282292 0.721297 0.298958 0.725927 0.310937 0.725 0.322395 0.716667 0.333333 0.696297 0.336458 0.684259 0.335938 0.657408 0.333333 0.634259 0.335417 0.596297 0.332813 0.563889 0.329688 0.557408 0.308855 0.543519 0.292187 0.537038 0.2875 0.538889 0.285417 0.543519 0.270833 0.557408 0.2625 0.572222 0.259375 0.590741 0.25052 0.610186 0.240625 0.64537 0.239583 0.669444 0.242188 0.677778 0.269792 0.713889 0.282292 0.721297
0 0.495833 0.548148 0.510938 0.560186 0.52448 0.575927 0.529687 0.575927 0.534895 0.571297 0.5375 0.555556 0.5375 0.536111 0.541667 0.523148 0.541145 0.47963 0.53125 0.438889 0.52448 0.421297 0.517708 0.412038 0.509895 0.389814 0.504687 0.388889 0.489583 0.393519 0.469792 0.402778 0.452083 0.418519 0.44375 0.437038 0.444792 0.459259 0.44948 0.475927 0.48073 0.521297 0.495833 0.548148
0 0.54375 0.22037 0.552083 0.237038 0.560417 0.237038 0.572917 0.22963 0.586458 0.20463 0.58802 0.189814 0.586458 0.155556 0.58698 0.133333 0.589063 0.123148 0.588542 0.112037 0.58125 0.0694437 0.57552 0.0546297 0.573438 0.0435188 0.564583 0.0259266 0.557292 0.0259266 0.528645 0.0731484 0.521355 0.0777781 0.516667 0.0962969 0.507292 0.121297 0.507812 0.142592 0.51927 0.168519 0.53073 0.182408 0.54375 0.22037
0 0.336458 0.748148 0.351042 0.771297 0.360417 0.780556 0.367188 0.777778 0.372395 0.769444 0.392188 0.759259 0.41823 0.721297 0.41927 0.7 0.426563 0.671297 0.425 0.638889 0.419792 0.635186 0.416667 0.627778 0.404687 0.621297 0.39427 0.621297 0.38073 0.627778 0.369792 0.638889 0.357292 0.657408 0.351562 0.672222 0.34948 0.684259 0.339583 0.691667 0.33073 0.711111 0.329167 0.716667 0.329167 0.735186 0.33125 0.743519 0.336458 0.748148
0 0.845833 0.491667 0.853125 0.493519 0.866145 0.485186 0.873437 0.485186 0.891145 0.487038 0.904687 0.493519 0.916145 0.494444 0.932813 0.482408 0.940625 0.462037 0.941145 0.443519 0.933333 0.384259 0.929167 0.372222 0.923958 0.366667 0.916145 0.375927 0.89948 0.387038 0.891145 0.405556 0.867708 0.432408 0.85677 0.435186 0.84948 0.441667 0.833855 0.448148 0.827083 0.455556 0.826562 0.462037 0.83698 0.477778 0.840105 0.487038 0.845833 0.491667
0 0.929167 0.175927 0.935937 0.169444 0.94323 0.150927 0.9625 0.121297 0.96823 0.10463 0.973437 0.0805562 0.976042 0.0759266 0.976042 0.0527781 0.969792 0.0398141 0.951562 0.0259266 0.942708 0.0259266 0.933333 0.0324078 0.927083 0.0444437 0.922917 0.0601859 0.916667 0.0666672 0.905208 0.0870375 0.89948 0.0916672 0.87552 0.127778 0.876042 0.143519 0.882812 0.152778 0.919792 0.177778 0.929167 0.175927
0 0.359375 0.921297 0.36302 0.943519 0.370833 0.950927 0.377605 0.952778 0.39323 0.950927 0.403125 0.934259 0.41198 0.910186 0.42448 0.823148 0.423438 0.800927 0.417187 0.789814 0.40052 0.777778 0.395313 0.771297 0.385417 0.768519 0.376563 0.771297 0.369792 0.781481 0.36875 0.79537 0.357292 0.839814 0.35677 0.862037 0.357292 0.882408 0.359375 0.892592 0.359375 0.921297
