0 0.623006 0.119777 0.627328 0.129659 0.65182 0.152728 0.658994 0.155812 0.68187 0.154617 0.705305 0.150652 0.718336 0.141211 0.723403 0.129848 0.734306 0.118992 0.743483 0.102878 0.749408 0.0974031 0.755823 0.0821078 0.779758 0.0618094 0.7834 0.0538469 0.789325 0.0483703 0.787219 0.033925 0.780045 0.0308406 0.765455 0.0295812 0.731608 0.0345859 0.721828 0.0333891 0.698161 0.0357484 0.67583 0.0406891 0.653331 0.051075 0.631534 0.066275 0.61867 0.0702719 0.599481 0.0835844 0.604962 0.108006 0.608425 0.112003 0.615442 0.114017 0.623006 0.119777
0 0.091225 0.622777 0.0799312 0.630959 0.0787406 0.635964 0.0703656 0.644398 0.0693969 0.657522 0.0777734 0.695225 0.0929547 0.720308 0.10572 0.728805 0.121012 0.73488 0.126927 0.735917 0.148778 0.734281 0.171333 0.737461 0.197919 0.735352 0.217409 0.730695 0.256202 0.693717 0.267116 0.676344 0.285427 0.670177 0.318828 0.648933 0.323739 0.636502 0.322959 0.631152 0.315709 0.627533 0.31162 0.619256 0.315106 0.610223 0.313547 0.599523 0.307956 0.594109 0.311753 0.587217 0.303791 0.585298 0.288352 0.571639 0.276056 0.566352 0.266277 0.565156 0.237719 0.566917 0.213261 0.570442 0.184838 0.586303 0.143327 0.598042 0.129984 0.605342 0.124383 0.606444 0.122166 0.611008 0.091225 0.622777
0 0.0359938 0.349289 0.0388125 0.362036 0.034525 0.378747 0.0394031 0.385859 0.06305 0.396528 0.0896359 0.39442 0.107144 0.395931 0.116611 0.394987 0.152597 0.384886 0.173358 0.375759 0.179984 0.375098 0.194586 0.369842 0.230516 0.346177 0.24798 0.327609 0.260933 0.317633 0.26228 0.313698 0.26405 0.292895 0.260775 0.270425 0.253545 0.253777 0.240937 0.24635 0.228084 0.243831 0.206231 0.245467 0.186752 0.243611 0.141053 0.259566 0.113422 0.274262 0.0876719 0.295284 0.0767 0.299094 0.0515078 0.317345 0.0407594 0.329273 0.0371969 0.33777 0.0359938 0.349289
0 0.817125 0.641042 0.827548 0.633489 0.833641 0.622569 0.832939 0.617753 0.822303 0.610672 0.815541 0.597233 0.80672 0.589428 0.766444 0.570105 0.732686 0.569128 0.71873 0.565634 0.681808 0.569316 0.673355 0.577216 0.665916 0.59207 0.665269 0.600819 0.672264 0.615862 0.706225 0.637988 0.736742 0.643086 0.754152 0.657091 0.769055 0.660491 0.779702 0.661056 0.800295 0.657375 0.809061 0.651616 0.817125 0.641042
0 0.739961 0.322517 0.767395 0.378947 0.778177 0.393613 0.783202 0.408309 0.788792 0.413723 0.8014 0.42115 0.818197 0.424361 0.829712 0.424298 0.850441 0.434716 0.879856 0.438839 0.904392 0.435848 0.910562 0.425464 0.907288 0.402992 0.91212 0.390027 0.9224 0.374889 0.922578 0.36293 0.9271 0.347823 0.926019 0.333819 0.929103 0.328627 0.927622 0.318461 0.930717 0.306753 0.936253 0.298603 0.936052 0.277453 0.931964 0.269177 0.930727 0.254102 0.917963 0.245605 0.914266 0.240002 0.902125 0.235784 0.853853 0.234084 0.808411 0.238616 0.7901 0.244784 0.778728 0.252431 0.767758 0.256239 0.759148 0.263069 0.742933 0.290197 0.739961 0.322517
0 0.586828 0.385553 0.597019 0.376395 0.600661 0.368433 0.599903 0.350053 0.609792 0.332241 0.607755 0.324845 0.589633 0.312539 0.561944 0.313672 0.543166 0.31663 0.532584 0.323113 0.510409 0.329123 0.482231 0.340075 0.444041 0.348225 0.435041 0.35238 0.392584 0.364212 0.383975 0.371041 0.385613 0.382277 0.389309 0.387878 0.394356 0.389547 0.418803 0.392537 0.437025 0.392348 0.475116 0.396692 0.515736 0.398612 0.575223 0.391595 0.586828 0.385553
0 0.41615 0.941022 0.433894 0.944138 0.462295 0.941306 0.479503 0.934163 0.52247 0.899481 0.524687 0.894917 0.5393 0.883147 0.544445 0.872322 0.570117 0.850764 0.599888 0.830969 0.607952 0.820394 0.615848 0.815264 0.6286 0.784139 0.638322 0.771772 0.641184 0.758459 0.637175 0.750717 0.619442 0.741086 0.605008 0.740897 0.576517 0.749709 0.544552 0.761038 0.515817 0.774759 0.489377 0.784452 0.453847 0.804278 0.422963 0.829612 0.403194 0.858723 0.395133 0.915434 0.400625 0.933342 0.41615 0.941022
0 0.910156 0.857567 0.926428 0.844003 0.926037 0.841328 0.93663 0.82833 0.939803 0.817158 0.9384 0.807528 0.926281 0.790281 0.906177 0.784144 0.858217 0.784584 0.830461 0.778667 0.791969 0.778162 0.776498 0.784047 0.767009 0.79802 0.746161 0.813127 0.748656 0.830247 0.757155 0.842427 0.7942 0.859359 0.799712 0.864237 0.836602 0.8801 0.85498 0.880981 0.870684 0.876702 0.893739 0.863547 0.910156 0.857567
0 0.102533 0.0875422 0.0596516 0.0701063 0.0162797 0.0624891 0.00263125 0.0645672 0.00474219 0.116388 0.00688125 0.11662 0.0202031 0.122348 0.0237453 0.12688 0.0337578 0.129681 0.0539297 0.142869 0.0629172 0.145228 0.0748125 0.154356 0.0901828 0.160966 0.105331 0.159455 0.119086 0.1418 0.132148 0.112814 0.130044 0.0983688 0.116489 0.0910359 0.102533 0.0875422
0 0.431627 0.177398 0.440147 0.176548 0.45918 0.162166 0.465506 0.152852 0.464492 0.145895 0.459058 0.141553 0.454267 0.128461 0.456172 0.121756 0.45352 0.103567 0.458822 0.0938109 0.459713 0.0801516 0.441434 0.0667766 0.431266 0.0629047 0.414547 0.0602297 0.375097 0.0663344 0.362311 0.0708656 0.340848 0.0751781 0.327663 0.0835484 0.328364 0.0883641 0.339078 0.0959797 0.348523 0.108066 0.367603 0.113763 0.387217 0.129719 0.399748 0.136611 0.417213 0.16418 0.424297 0.173244 0.431627 0.177398
