0 0.404669 0.146167 0.420798 0.140836 0.430044 0.131348 0.439077 0.126756 0.446475 0.116744 0.465337 0.108334 0.474 0.093175 0.472997 0.0851813 0.463681 0.0748266 0.442358 0.0610609 0.413147 0.0351438 0.395809 0.0252625 0.379552 0.0198922 0.289128 0.0151531 0.289147 0.0169922 0.299717 0.0343109 0.319944 0.056575 0.324427 0.0705141 0.333237 0.0829281 0.334619 0.0893766 0.343428 0.101791 0.347241 0.114437 0.352317 0.121936 0.362683 0.132039 0.386991 0.141697 0.404669 0.146167
0 0.897631 1 0.9065 0.963869 0.903202 0.961202 0.894344 0.957034 0.862947 0.936002 0.854633 0.933641 0.825531 0.931431 0.794125 0.922511 0.779297 0.926559 0.773367 0.938641 0.760592 0.95043 0.760292 0.959705 0.774091 0.983998 0.769338 0.995313 0.771261 1 0.897631 1
0 0.797964 0.315144 0.789681 0.328759 0.783742 0.352953 0.784648 0.377439 0.809153 0.406425 0.831061 0.425863 0.844236 0.440619 0.886972 0.463769 0.913545 0.476273 0.934792 0.482308 0.94928 0.48367 0.973422 0.489977 0.993627 0.484152 0.994986 0.483266 0.9957 0.421942 0.991327 0.413017 0.96967 0.392548 0.956028 0.383719 0.940713 0.365602 0.9102 0.340967 0.890636 0.332106 0.864694 0.317028 0.849156 0.315919 0.827784 0.310398 0.81422 0.3093 0.800695 0.312066 0.797964 0.315144
0 0.934159 0.718353 0.923667 0.708766 0.905952 0.70043 0.892563 0.690569 0.888955 0.685139 0.871997 0.673714 0.850459 0.664844 0.833919 0.655741 0.804622 0.634203 0.759359 0.621347 0.744872 0.619986 0.734244 0.623025 0.725505 0.630453 0.720253 0.631716 0.719495 0.634803 0.712523 0.635027 0.71197 0.645331 0.706467 0.647622 0.705456 0.651741 0.706916 0.66592 0.702123 0.67337 0.69662 0.675661 0.694345 0.684927 0.697069 0.693959 0.727203 0.720139 0.734594 0.722239 0.746261 0.731059 0.755947 0.751981 0.789389 0.792867 0.804459 0.7999 0.833222 0.807519 0.856655 0.808669 0.88105 0.813947 0.909403 0.807133 0.92243 0.794314 0.930839 0.780183 0.934678 0.756494 0.939889 0.751367 0.942544 0.740556 0.940452 0.72895 0.935541 0.724802 0.934159 0.718353
0 0.488661 0.319247 0.45847 0.313425 0.442506 0.322106 0.440192 0.327506 0.443547 0.333966 0.442955 0.340405 0.44912 0.351517 0.445583 0.36593 0.453508 0.381947 0.461481 0.389717 0.469289 0.394137 0.534873 0.412767 0.649598 0.424428 0.656364 0.416989 0.658892 0.406695 0.653436 0.400741 0.610867 0.380939 0.601591 0.37445 0.584292 0.368436 0.564855 0.359061 0.519348 0.335122 0.506883 0.325523 0.488661 0.319247
0 0.314527 0.287958 0.310044 0.274019 0.311103 0.261655 0.300706 0.235575 0.290594 0.224444 0.280938 0.219498 0.264359 0.20653 0.249288 0.199495 0.212339 0.189 0.160816 0.181525 0.131073 0.194 0.120964 0.235181 0.127042 0.250673 0.125967 0.287261 0.128594 0.312786 0.139992 0.346859 0.135317 0.365905 0.142698 0.380116 0.159325 0.384837 0.1904 0.387056 0.211781 0.380466 0.226016 0.382856 0.237984 0.382402 0.256089 0.377081 0.262097 0.372731 0.266852 0.361417 0.284925 0.34012 0.305739 0.303633 0.312253 0.297223 0.314527 0.287958
0 0.475577 0.469159 0.446563 0.46257 0.437656 0.466648 0.436392 0.471795 0.445203 0.484209 0.451408 0.499188 0.462989 0.512387 0.46475 0.517294 0.502644 0.556139 0.50948 0.568544 0.520895 0.578394 0.548647 0.59013 0.561034 0.591997 0.575861 0.587948 0.584728 0.580005 0.595988 0.574392 0.613264 0.552319 0.616802 0.537906 0.599717 0.526995 0.573822 0.503672 0.550652 0.489381 0.535453 0.482862 0.492962 0.470794 0.475577 0.469159
0 0.828895 0.575572 0.846223 0.597564 0.859361 0.608453 0.865447 0.611834 0.886819 0.617355 0.919031 0.614941 0.931672 0.615778 0.946208 0.608894 0.977583 0.601838 0.993673 0.596052 0.993764 0.588264 0.984991 0.579713 0.955188 0.560234 0.914592 0.540444 0.858662 0.526761 0.830533 0.516569 0.820791 0.516003 0.793236 0.523595 0.780587 0.53487 0.781045 0.541056 0.793131 0.552198 0.815631 0.565197 0.828895 0.575572
0 0.346927 0.550455 0.311028 0.539708 0.291836 0.541414 0.265592 0.535612 0.220731 0.5493 0.20497 0.565197 0.195267 0.568498 0.19098 0.573887 0.201045 0.593266 0.206753 0.598191 0.215184 0.61215 0.226561 0.618134 0.248856 0.623916 0.26242 0.625016 0.27397 0.622239 0.284306 0.616366 0.316772 0.612922 0.318327 0.610611 0.335255 0.606058 0.336936 0.603231 0.352142 0.597639 0.360473 0.575777 0.355991 0.561839 0.346927 0.550455
0 0.997805 0.241012 0.998641 0.169242 0.98167 0.1746 0.954873 0.179103 0.943031 0.179044 0.933745 0.184666 0.930712 0.197019 0.940517 0.229539 0.948948 0.243497 0.954656 0.248422 0.969562 0.252105 0.984263 0.248572 0.995902 0.241416 0.997805 0.241012
0 0.181123 0.730773 0.151391 0.731139 0.104194 0.722139 0.0910484 0.723361 0.0833187 0.726672 0.0727703 0.737441 0.0692719 0.755719 0.0844125 0.782597 0.0979672 0.795808 0.10842 0.80153 0.114673 0.808261 0.131505 0.8202 0.1454 0.828002 0.157369 0.827547 0.163834 0.829384 0.181308 0.826638 0.224069 0.813453 0.233014 0.813242 0.247423 0.806872 0.254189 0.799433 0.260964 0.779883 0.244094 0.764078 0.237384 0.751159 0.227397 0.739513 0.198383 0.732923 0.181123 0.730773
0 0.742575 0.13422 0.732755 0.125923 0.69388 0.107173 0.657309 0.0951344 0.648617 0.0943172 0.630222 0.0968 0.61098 0.106753 0.610213 0.121953 0.614073 0.126353 0.614658 0.132027 0.612461 0.149023 0.60905 0.16292 0.599678 0.172923 0.598161 0.1791 0.601264 0.186589 0.609364 0.193845 0.618095 0.198528 0.625272 0.205523 0.630017 0.20632 0.637494 0.204039 0.643755 0.198658 0.648927 0.189666 0.665611 0.174031 0.680944 0.167923 0.688633 0.160747 0.704511 0.156447 0.714506 0.155981 0.732784 0.141902 0.741437 0.138853 0.742575 0.13422
0 0 0.520744 0.0216859 0.526903 0.0351234 0.528517 0.0766922 0.540325 0.0917234 0.543492 0.116964 0.541302 0.13712 0.543723 0.163373 0.537414 0.163255 0.525817 0.157722 0.512131 0.137369 0.490381 0.12398 0.480522 0.101178 0.476798 0.0705219 0.4769 0.0291594 0.472309 0.00942187 0.472209 0 0.473545 0 0.520744
