0 0.85 0.750927 0.866145 0.766667 0.86823 0.771297 0.87552 0.775927 0.907813 0.816667 0.91823 0.823148 0.927605 0.823148 0.933333 0.814814 0.935417 0.80463 0.933855 0.769444 0.936458 0.752778 0.934895 0.714814 0.92448 0.685186 0.913542 0.666667 0.909895 0.649073 0.903645 0.638889 0.897917 0.632408 0.88073 0.632408 0.875 0.635186 0.860938 0.650927 0.85625 0.650927 0.832292 0.669444 0.826042 0.675927 0.823958 0.682408 0.823958 0.705556 0.826042 0.724073 0.832812 0.738889 0.85 0.750927
0 0.120833 0 0.113542 0.0148141 0.107292 0.0361109 0.0989578 0.0833328 0.0989578 0.12037 0.102605 0.130556 0.116145 0.141667 0.128125 0.139814 0.14323 0.15463 0.157812 0.162038 0.176042 0.150927 0.185417 0.15 0.192188 0.141667 0.195312 0.127778 0.19427 0.0990734 0.2 0.0712969 0.18125 0.0101859 0.17552 0 0.120833 0
0 0.66302 0.200927 0.68802 0.246297 0.703645 0.264814 0.707812 0.273148 0.73073 0.27963 0.74948 0.27963 0.767188 0.275927 0.773958 0.271297 0.778645 0.262038 0.78125 0.252778 0.782292 0.230556 0.785417 0.210186 0.77448 0.162038 0.76198 0.134259 0.744792 0.10463 0.741667 0.0944438 0.725 0.0666672 0.708855 0.0527781 0.667708 0.0462969 0.652605 0.0657406 0.65052 0.0731484 0.647917 0.125927 0.652605 0.155556 0.659375 0.177778 0.66302 0.200927
0 0.335417 0.237038 0.358333 0.260186 0.373958 0.269444 0.38698 0.296297 0.401042 0.310186 0.417187 0.312038 0.425 0.302778 0.44375 0.298148 0.451042 0.289814 0.461458 0.285186 0.47448 0.266667 0.48073 0.248148 0.478125 0.216667 0.472917 0.189814 0.458333 0.168519 0.448437 0.130556 0.44375 0.12037 0.43177 0.107408 0.417708 0.0777781 0.41198 0.0759266 0.408855 0.0712969 0.395313 0.0731484 0.391145 0.0777781 0.38802 0.0759266 0.382812 0.0824078 0.367708 0.0805562 0.345833 0.100927 0.334895 0.107408 0.329167 0.116667 0.327083 0.116667 0.320312 0.130556 0.317708 0.155556 0.316667 0.198148 0.319792 0.222222 0.326042 0.232408 0.335417 0.237038
0 0.626563 0.593519 0.641145 0.591667 0.65 0.600927 0.659375 0.605556 0.66823 0.60463 0.676562 0.598148 0.68073 0.591667 0.682813 0.566667 0.682292 0.552778 0.679688 0.539814 0.67552 0.531481 0.672917 0.513889 0.66875 0.5 0.6625 0.468519 0.660937 0.444444 0.65677 0.432408 0.648438 0.386111 0.63125 0.385186 0.626042 0.392592 0.60573 0.500927 0.60625 0.561111 0.611458 0.577778 0.61823 0.587037 0.626563 0.593519
0 0.257812 0.699073 0.26302 0.709259 0.271355 0.716667 0.294792 0.725927 0.31198 0.725927 0.315105 0.721297 0.323437 0.716667 0.332813 0.698148 0.335417 0.682408 0.332292 0.568519 0.32448 0.555556 0.3125 0.546297 0.301563 0.543519 0.297917 0.539814 0.286458 0.541667 0.2625 0.571297 0.259895 0.587037 0.254167 0.60463 0.24948 0.612962 0.239063 0.650927 0.239063 0.675 0.24427 0.684259 0.248958 0.687037 0.257812 0.699073
0 0.459895 0.491667 0.46927 0.509259 0.475 0.513889 0.48802 0.538889 0.492188 0.541667 0.501042 0.555556 0.51302 0.563889 0.520833 0.575927 0.53125 0.575927 0.535937 0.568519 0.5375 0.537963 0.541145 0.521297 0.540625 0.480556 0.53073 0.439814 0.523958 0.424073 0.520312 0.421297 0.515105 0.410186 0.511458 0.393519 0.497395 0.391667 0.491145 0.396297 0.47552 0.400927 0.460938 0.413889 0.452083 0.418519 0.44375 0.433333 0.44323 0.450927 0.448437 0.475927 0.452605 0.484259 0.459895 0.491667
0 0.53073 0.183333 0.5375 0.200927 0.54323 0.223148 0.552083 0.238889 0.558855 0.238889 0.570833 0.232408 0.584895 0.209259 0.58698 0.200927 0.58698 0.102778 0.58073 0.075 0.575 0.0592594 0.572395 0.0435188 0.56875 0.0351859 0.560937 0.0259266 0.55625 0.0259266 0.526563 0.0759266 0.521355 0.0805562 0.50677 0.122222 0.50625 0.137963 0.508333 0.148148 0.526042 0.17963 0.53073 0.183333
0 0.35677 0.777778 0.36198 0.780556 0.363542 0.777778 0.367188 0.777778 0.370833 0.771297 0.38698 0.763889 0.392708 0.759259 0.402083 0.741667 0.417187 0.723148 0.41927 0.7 0.426042 0.675 0.42552 0.643519 0.422917 0.637038 0.414062 0.627778 0.404687 0.623148 0.391145 0.623148 0.38125 0.627778 0.364583 0.644444 0.357812 0.655556 0.352083 0.668519 0.347917 0.685186 0.336458 0.699073 0.33177 0.707408 0.329167 0.718519 0.327605 0.732408 0.33125 0.749073 0.34323 0.760186 0.35677 0.777778
0 0.84375 0.493519 0.852083 0.493519 0.864583 0.485186 0.86875 0.485186 0.87552 0.488889 0.89323 0.488889 0.9125 0.498148 0.930208 0.484259 0.936458 0.473148 0.939583 0.455556 0.939063 0.434259 0.934895 0.398148 0.930208 0.377778 0.925 0.369444 0.922395 0.369444 0.90573 0.385186 0.9 0.387038 0.884375 0.416667 0.877083 0.419444 0.873958 0.425 0.866667 0.430556 0.85625 0.435186 0.848958 0.443519 0.833333 0.449073 0.829167 0.453703 0.827083 0.462962 0.83177 0.469444 0.83698 0.484259 0.84375 0.493519
0 0.917188 0.177778 0.93073 0.175927 0.938889 0.164197 0.95 0.139814 0.961458 0.121297 0.976042 0.0712969 0.975 0.0527781 0.970313 0.0435188 0.965105 0.0416672 0.955208 0.0305563 0.93698 0.0259266 0.927083 0.0435188 0.923438 0.0611109 0.913542 0.0712969 0.90573 0.0870375 0.896355 0.0962969 0.892708 0.10463 0.88177 0.116667 0.880208 0.121297 0.876563 0.123148 0.873437 0.130556 0.872917 0.137037 0.875 0.146297 0.888542 0.160186 0.917188 0.177778
0 0.369792 0.952778 0.380208 0.955556 0.392708 0.952778 0.40625 0.927778 0.4125 0.90463 0.41823 0.856481 0.423438 0.830556 0.42448 0.809259 0.422917 0.800927 0.410938 0.785186 0.398958 0.77963 0.39375 0.773148 0.382292 0.771297 0.376563 0.774073 0.36875 0.789814 0.35677 0.842592 0.358333 0.916667 0.361458 0.941667 0.365105 0.949073 0.369792 0.952778
