0 0.883806 0.725667 0.846803 0.743753 0.833864 0.759473 0.830942 0.776308 0.829688 0.805444 0.839423 0.824698 0.851384 0.836125 0.854862 0.843578 0.862513 0.849478 0.871414 0.862583 0.874195 0.862894 0.881289 0.876806 0.890608 0.88693 0.90382 0.913637 0.918983 0.922394 0.928581 0.918416 0.936373 0.895056 0.939019 0.864056 0.94542 0.838523 0.947927 0.804481 0.940141 0.771311 0.932491 0.753297 0.931241 0.738016 0.922895 0.716897 0.919558 0.712488 0.898692 0.712183 0.883806 0.725667
0 0.157967 0 0.149116 0.0320937 0.144383 0.0658875 0.146189 0.0812313 0.156761 0.0945219 0.172341 0.0962578 0.190839 0.117498 0.20155 0.12172 0.217966 0.113453 0.235353 0.110342 0.241614 0.101955 0.244397 0.0941891 0.248155 0.0633141 0.258313 0.0311328 0.256089 0.00665781 0.254075 0 0.157967 0
0 0.807775 0.0701281 0.796508 0.0658453 0.77912 0.0649172 0.773139 0.0592031 0.762567 0.0580266 0.743786 0.0751141 0.74003 0.0858 0.736828 0.108661 0.730984 0.126181 0.728895 0.141091 0.729866 0.178548 0.732647 0.190972 0.73487 0.223522 0.754478 0.277189 0.771864 0.306381 0.776594 0.308928 0.805944 0.317244 0.827923 0.317673 0.842947 0.31127 0.853659 0.291266 0.857834 0.265484 0.863122 0.251941 0.859786 0.219266 0.859511 0.197027 0.856312 0.179509 0.851723 0.171933 0.848664 0.157459 0.837816 0.13808 0.835452 0.122675 0.823075 0.0900031 0.807775 0.0701281
0 0.630236 0.530859 0.619656 0.6064 0.620212 0.614539 0.626609 0.629383 0.636345 0.640562 0.654708 0.642608 0.660828 0.651366 0.670703 0.657512 0.679745 0.657511 0.694492 0.64502 0.700058 0.621414 0.702703 0.594452 0.699922 0.586067 0.693667 0.52985 0.694923 0.488602 0.692559 0.477233 0.692423 0.433811 0.691591 0.423623 0.688113 0.41617 0.672116 0.417417 0.665995 0.424811 0.648602 0.480413 0.643036 0.491906 0.636078 0.517378 0.630236 0.530859
0 0.231125 0.721609 0.238358 0.730491 0.261448 0.743158 0.280367 0.745266 0.295112 0.736812 0.307355 0.717988 0.310695 0.706245 0.326564 0.576783 0.321836 0.566161 0.309039 0.556659 0.301389 0.546722 0.28247 0.544616 0.263412 0.559653 0.2527 0.571583 0.239205 0.603392 0.226822 0.623212 0.214717 0.653158 0.210125 0.677883 0.211375 0.685088 0.225284 0.706827 0.231125 0.721609
0 0.520475 0.596363 0.526039 0.609095 0.535497 0.61015 0.542731 0.60288 0.554977 0.555789 0.560686 0.498886 0.557211 0.463167 0.553595 0.448631 0.545252 0.43155 0.542887 0.412108 0.538438 0.407573 0.528144 0.408447 0.503381 0.415783 0.475559 0.432873 0.464847 0.448841 0.461645 0.475739 0.461922 0.489903 0.475413 0.514623 0.504341 0.578414 0.520475 0.596363
0 0.6087 0.248837 0.614542 0.251508 0.629427 0.246098 0.645425 0.228702 0.651408 0.218264 0.654052 0.211492 0.662403 0.143778 0.66783 0.121166 0.665192 0.0714078 0.659491 0.0394781 0.653233 0.0236391 0.647669 0.0230203 0.640573 0.0292953 0.609411 0.0702406 0.602594 0.0745297 0.590489 0.100436 0.580194 0.117461 0.576992 0.148397 0.599244 0.203369 0.60397 0.238217 0.6087 0.248837
0 0.299425 0.734266 0.296362 0.756133 0.299561 0.77365 0.308462 0.782717 0.31472 0.798556 0.319867 0.802158 0.32098 0.806319 0.324458 0.809734 0.330161 0.809361 0.336977 0.801034 0.347411 0.799169 0.364105 0.788914 0.39318 0.754803 0.400138 0.725294 0.409738 0.705164 0.414609 0.670375 0.412802 0.663108 0.404178 0.652053 0.395416 0.64603 0.387347 0.643111 0.371072 0.646345 0.33977 0.676172 0.326136 0.704937 0.311806 0.718483 0.299425 0.734266
0 0.968848 0.178922 0.9701 0.190166 0.981366 0.206562 0.996003 0.217372 0.99733 0.141364 0.995698 0.144562 0.982205 0.156183 0.97177 0.170162 0.968848 0.178922
0 0.88563 0.559308 0.895923 0.558434 0.906914 0.552592 0.913034 0.553275 0.938628 0.560163 0.951981 0.569727 0.962553 0.570905 0.979805 0.556673 0.987572 0.541556 0.990739 0.518945 0.992069 0.442783 0.987605 0.432369 0.964791 0.450017 0.961452 0.449645 0.939887 0.478536 0.929594 0.483447 0.925281 0.490033 0.897877 0.504141 0.877844 0.509986 0.870611 0.517255 0.869358 0.522164 0.875894 0.544091 0.88563 0.559308
0 0.325011 0.838063 0.31847 0.860552 0.311514 0.873909 0.30177 0.9556 0.301428 0.97777 0.344539 0.982572 0.351289 0.97323 0.365342 0.937444 0.368266 0.920609 0.38538 0.862956 0.386912 0.847986 0.3858 0.835748 0.377733 0.820717 0.368414 0.814631 0.359791 0.803577 0.350609 0.800534 0.342819 0.803705 0.336142 0.811036 0.334611 0.817933 0.325011 0.838063
