0 0.15052 0.3 0.154167 0.300927 0.163542 0.318519 0.19375 0.343519 0.221355 0.362038 0.227605 0.371297 0.232292 0.375927 0.235937 0.375927 0.245833 0.387038 0.25677 0.387038 0.26198 0.396297 0.26927 0.396297 0.278645 0.391667 0.290625 0.391667 0.29948 0.382408 0.317708 0.334259 0.31823 0.327778 0.323437 0.313889 0.323437 0.298148 0.316667 0.266667 0.291145 0.224073 0.26823 0.205556 0.25052 0.20463 0.23125 0.196297 0.21927 0.196297 0.19323 0.189814 0.163542 0.188889 0.154688 0.194444 0.141667 0.214814 0.127605 0.227778 0.120313 0.247222 0.119792 0.266667 0.13073 0.288889 0.146875 0.294444 0.15052 0.3
0 0.521355 0.357408 0.526042 0.363889 0.5375 0.363889 0.544792 0.355556 0.54948 0.355556 0.55573 0.350927 0.58698 0.343519 0.59323 0.337037 0.595313 0.330556 0.60677 0.321297 0.61823 0.300927 0.623437 0.285186 0.629167 0.223148 0.629687 0.155556 0.628125 0.143519 0.622395 0.125927 0.617188 0.118519 0.60573 0.113889 0.598437 0.102778 0.592708 0.0981484 0.582292 0.0962969 0.569792 0.102778 0.54948 0.137963 0.54375 0.144444 0.541667 0.152778 0.532292 0.171297 0.528125 0.175927 0.525 0.175927 0.514062 0.188889 0.501563 0.210186 0.5 0.215741 0.5 0.237038 0.495833 0.260186 0.49375 0.285186 0.49323 0.316667 0.50052 0.340741 0.507292 0.35463 0.521355 0.357408
0 0.36302 0.735186 0.375 0.750927 0.378125 0.751852 0.390625 0.77037 0.407813 0.809259 0.410417 0.810186 0.421875 0.827778 0.438542 0.837037 0.44323 0.846297 0.447917 0.846297 0.464583 0.862037 0.482812 0.863889 0.486458 0.859259 0.491667 0.841667 0.491667 0.827778 0.478125 0.757408 0.46927 0.72963 0.46823 0.721297 0.458855 0.698148 0.455208 0.684259 0.448958 0.669444 0.428645 0.635186 0.415625 0.621297 0.39948 0.610186 0.377605 0.600927 0.36198 0.598148 0.34375 0.598148 0.3375 0.602778 0.327605 0.623148 0.32552 0.635186 0.325 0.656481 0.327605 0.675927 0.358333 0.723148 0.36302 0.735186
0 0.658333 0.543519 0.671875 0.555556 0.676562 0.563889 0.70573 0.562037 0.710938 0.568519 0.720313 0.571297 0.735417 0.563889 0.741145 0.55463 0.745833 0.518519 0.745833 0.485186 0.74323 0.446297 0.734375 0.407408 0.727083 0.389814 0.71927 0.388889 0.708855 0.393519 0.688542 0.407408 0.66302 0.438889 0.652605 0.462037 0.652083 0.487962 0.648438 0.510186 0.64948 0.528703 0.658333 0.543519
0 0.882292 0.402778 0.889062 0.409259 0.89948 0.413889 0.909895 0.412038 0.926562 0.389814 0.94375 0.375927 0.96198 0.344444 0.967187 0.323148 0.967187 0.316667 0.96302 0.3 0.960417 0.269444 0.94948 0.248148 0.940625 0.241667 0.93125 0.238889 0.929688 0.235186 0.915625 0.232408 0.901042 0.241667 0.873437 0.252778 0.863542 0.262038 0.859895 0.272222 0.859375 0.311111 0.860417 0.335186 0.86302 0.350927 0.882292 0.402778
0 0.739062 0 0.732812 0.0240734 0.732292 0.0722219 0.735938 0.105556 0.7375 0.156481 0.74375 0.191667 0.75 0.211111 0.75625 0.221297 0.759895 0.223148 0.769792 0.237038 0.776563 0.241667 0.783333 0.241667 0.79375 0.227778 0.798958 0.225927 0.811458 0.20463 0.83125 0.15463 0.834895 0.0962969 0.832292 0.0787031 0.832292 0.0416672 0.83073 0.0324078 0.820833 0 0.739062 0
0 0.828645 0.815741 0.83125 0.821297 0.85 0.837037 0.869792 0.843519 0.892188 0.841667 0.901563 0.832408 0.910417 0.830556 0.91875 0.823148 0.936458 0.813889 0.948438 0.800927 0.95 0.796297 0.94948 0.787038 0.9375 0.766667 0.9 0.716667 0.883333 0.688889 0.86927 0.673148 0.847395 0.673148 0.8375 0.675927 0.833333 0.680556 0.83125 0.686111 0.829688 0.72037 0.827083 0.732408 0.826562 0.752778 0.82448 0.764814 0.82448 0.787963 0.828645 0.815741
0 0.38073 0.218519 0.383333 0.221297 0.386458 0.216667 0.391145 0.2 0.392188 0.162038 0.386458 0.152778 0.377083 0.146297 0.360938 0.146297 0.357292 0.150927 0.351042 0.176852 0.35 0.185186 0.351562 0.202778 0.369792 0.218519 0.38073 0.218519
0 0.103645 0.962037 0.114583 0.957408 0.134895 0.955556 0.147917 0.946297 0.159895 0.932408 0.172917 0.927778 0.184895 0.918519 0.192188 0.902778 0.195312 0.888889 0.192708 0.862963 0.191145 0.818519 0.184895 0.791667 0.18073 0.788889 0.167708 0.798148 0.155208 0.817592 0.15 0.82963 0.144792 0.835186 0.135417 0.855556 0.133333 0.855556 0.122917 0.875 0.1125 0.888889 0.107292 0.902778 0.0947922 0.921297 0.0869797 0.926852 0.0828125 0.935186 0.0854172 0.957408 0.0880203 0.962037 0.103645 0.962037
0 0.632292 0.842592 0.639062 0.862037 0.661458 0.902778 0.66875 0.90463 0.672917 0.900927 0.676042 0.884259 0.677083 0.826852 0.680208 0.787038 0.679688 0.727778 0.671875 0.710186 0.66302 0.710186 0.63073 0.744444 0.627083 0.750927 0.622917 0.771297 0.622395 0.783333 0.625 0.809259 0.629687 0.824073 0.632292 0.842592
