0 0.482812 0.935186 0.488542 0.932408 0.529167 0.932408 0.538542 0.927778 0.547395 0.927778 0.560417 0.916667 0.567187 0.900927 0.572917 0.862037 0.571875 0.812037 0.566667 0.794444 0.55677 0.780556 0.55 0.775927 0.525 0.764814 0.497395 0.763889 0.46927 0.782408 0.46823 0.785186 0.452605 0.791667 0.442188 0.800927 0.408855 0.819444 0.39375 0.847222 0.392188 0.869444 0.3875 0.875927 0.38125 0.89537 0.38125 0.925 0.38802 0.930556 0.43073 0.930556 0.482812 0.935186
0 0.652083 0.537038 0.660417 0.544444 0.66302 0.55 0.667188 0.550927 0.67552 0.563889 0.705208 0.562037 0.716145 0.571297 0.722917 0.571297 0.734895 0.563889 0.741145 0.55463 0.745833 0.505556 0.74323 0.448148 0.734375 0.405556 0.727083 0.391667 0.723437 0.388889 0.708333 0.393519 0.689063 0.407408 0.6625 0.439814 0.652605 0.460186 0.652083 0.487962 0.647917 0.510186 0.64948 0.530556 0.652083 0.537038
0 0.88125 0.4 0.889583 0.409259 0.89948 0.413889 0.90625 0.413889 0.91198 0.410186 0.936458 0.377778 0.942708 0.375 0.948438 0.368519 0.958855 0.352778 0.966667 0.323148 0.966145 0.313889 0.96198 0.297222 0.96198 0.273148 0.960417 0.266667 0.952605 0.252778 0.939063 0.241667 0.93177 0.238889 0.929688 0.235186 0.909895 0.235186 0.894792 0.241667 0.878645 0.252778 0.870313 0.255556 0.865105 0.260186 0.859895 0.271297 0.859895 0.332408 0.8625 0.349073 0.869792 0.373148 0.88125 0.4
0 0.738542 0 0.732812 0.0222219 0.732292 0.0759266 0.735417 0.101852 0.736458 0.146297 0.739583 0.175927 0.744792 0.197222 0.74948 0.205556 0.752605 0.217592 0.757812 0.221297 0.770833 0.238889 0.782292 0.241667 0.795312 0.225927 0.798438 0.225927 0.80625 0.214814 0.83125 0.155556 0.834895 0.112037 0.834895 0.0935187 0.832292 0.0842594 0.83177 0.0388891 0.829167 0.025 0.821875 0 0.738542 0
0 0.84375 0.668519 0.854167 0.699073 0.8625 0.742592 0.878645 0.789814 0.88125 0.817592 0.885417 0.830556 0.895833 0.848148 0.909375 0.857408 0.922395 0.871297 0.93802 0.896297 0.95 0.909259 0.960938 0.910186 0.967187 0.902778 0.975 0.884259 0.972395 0.782408 0.966145 0.721297 0.95625 0.685186 0.947395 0.663889 0.929167 0.637038 0.904687 0.614814 0.901042 0.613889 0.873958 0.587037 0.85625 0.585186 0.851042 0.589814 0.84375 0.602778 0.838542 0.62037 0.83802 0.640741 0.839583 0.65 0.842708 0.658333 0.84375 0.668519
0 0.0885422 0.962037 0.101042 0.962037 0.116145 0.957408 0.126562 0.957408 0.13698 0.952778 0.146875 0.946297 0.157292 0.935186 0.179688 0.921297 0.185938 0.912963 0.19323 0.896297 0.194792 0.880556 0.189583 0.814814 0.184895 0.793519 0.180208 0.788889 0.164583 0.798148 0.14948 0.82963 0.145833 0.832408 0.13073 0.857408 0.122917 0.875 0.108333 0.889814 0.104167 0.907408 0.0901047 0.919444 0.0833328 0.930556 0.0817703 0.933333 0.0817703 0.940741 0.0864578 0.959259 0.0885422 0.962037
0 0.366145 0.213889 0.36927 0.218519 0.384895 0.218519 0.391145 0.198148 0.389583 0.184259 0.392188 0.173148 0.391145 0.160186 0.384895 0.152778 0.369792 0.144444 0.364063 0.144444 0.359895 0.148148 0.354687 0.161111 0.35052 0.181481 0.352083 0.200927 0.35573 0.207408 0.366145 0.213889
0 0.6625 0.90463 0.669792 0.90463 0.675 0.893519 0.676042 0.877778 0.676562 0.833333 0.678645 0.814814 0.68073 0.752778 0.679688 0.725927 0.670833 0.710186 0.6625 0.710186 0.65052 0.725927 0.645833 0.727778 0.63177 0.744444 0.625 0.760186 0.622917 0.773148 0.622917 0.796297 0.633333 0.848148 0.658333 0.899073 0.6625 0.90463
0 0.521355 0.357408 0.527605 0.363889 0.5375 0.363889 0.545833 0.355556 0.570833 0.346297 0.58177 0.346297 0.595833 0.336111 0.597917 0.330556 0.605208 0.324073 0.614062 0.309259 0.62448 0.280556 0.626042 0.247222 0.629167 0.224073 0.630208 0.187037 0.629167 0.152778 0.623958 0.131481 0.617188 0.119444 0.60625 0.113889 0.591145 0.0981484 0.576562 0.0981484 0.569792 0.102778 0.54375 0.144444 0.542708 0.15 0.53125 0.173148 0.525 0.175927 0.516145 0.188889 0.510417 0.193519 0.501563 0.211111 0.5 0.216667 0.5 0.238889 0.49427 0.272222 0.49323 0.325 0.501563 0.346297 0.507292 0.355556 0.521355 0.357408
0 0.176563 0.521297 0.192708 0.52963 0.21198 0.534259 0.259895 0.534259 0.261458 0.530556 0.260417 0.514814 0.255208 0.493519 0.246875 0.468519 0.23802 0.45 0.234895 0.435186 0.226562 0.412963 0.221355 0.377778 0.21823 0.368519 0.210417 0.357408 0.19427 0.349073 0.1875 0.350927 0.175 0.373148 0.166145 0.40463 0.15677 0.423148 0.151042 0.439814 0.147917 0.455556 0.146875 0.480556 0.15 0.492592 0.158855 0.50463 0.176563 0.521297
