0 0.302444 0.204358 0.279712 0.185309 0.261672 0.184259 0.2423 0.175634 0.230073 0.175563 0.203725 0.168789 0.173458 0.167667 0.164222 0.173287 0.150206 0.194013 0.135392 0.207167 0.127258 0.226981 0.126033 0.246834 0.136405 0.269594 0.152686 0.275363 0.156209 0.281058 0.159897 0.282025 0.168839 0.300047 0.198781 0.325756 0.226295 0.344831 0.232345 0.354323 0.236964 0.35908 0.240684 0.359102 0.250389 0.370508 0.261553 0.370572 0.266539 0.380059 0.273981 0.380102 0.283714 0.37543 0.295941 0.375502 0.305308 0.366098 0.32563 0.317037 0.326392 0.310422 0.332203 0.296269 0.332762 0.280194 0.326973 0.248005 0.302444 0.204358
0 0.604155 0.0756 0.591166 0.0821453 0.56918 0.117955 0.563102 0.124541 0.560678 0.133038 0.55045 0.151894 0.546033 0.156597 0.542844 0.156578 0.531217 0.169752 0.517702 0.191425 0.515908 0.197089 0.51515 0.218836 0.510072 0.242452 0.507055 0.267969 0.505402 0.300114 0.511988 0.324742 0.518403 0.338967 0.532656 0.341888 0.537209 0.348534 0.548905 0.348602 0.556644 0.340134 0.561428 0.340163 0.567972 0.335472 0.600131 0.328094 0.606742 0.321511 0.609098 0.314905 0.621123 0.305517 0.633545 0.284783 0.639422 0.268739 0.64748 0.20542 0.650419 0.136398 0.649253 0.124097 0.644031 0.106097 0.63898 0.0985016 0.62745 0.0937047 0.620403 0.0823156 0.61472 0.0775531 0.604155 0.0756
0 0.447648 0.660111 0.428137 0.625005 0.415342 0.610744 0.399259 0.599302 0.377263 0.589716 0.361414 0.586786 0.342808 0.586678 0.336264 0.591369 0.325437 0.612113 0.322883 0.624392 0.321592 0.646136 0.323558 0.666009 0.353239 0.714416 0.357595 0.726736 0.369261 0.742881 0.372417 0.743845 0.384516 0.762831 0.400672 0.802647 0.403297 0.803608 0.414366 0.821642 0.431047 0.831197 0.435502 0.84068 0.440286 0.840708 0.456736 0.856881 0.475275 0.858881 0.479161 0.854175 0.485105 0.836241 0.485598 0.822056 0.474284 0.750114 0.466237 0.721694 0.46547 0.713178 0.456727 0.689483 0.4535 0.675278 0.447648 0.660111
0 0.657325 0.517578 0.665834 0.532759 0.679227 0.545133 0.683714 0.55367 0.71355 0.551952 0.718634 0.558602 0.728105 0.561495 0.743784 0.55402 0.749962 0.544598 0.756033 0.507748 0.75722 0.473709 0.755948 0.43398 0.748295 0.394214 0.741481 0.376205 0.733539 0.375213 0.722742 0.379878 0.701516 0.393941 0.674347 0.425939 0.662891 0.449516 0.661434 0.475989 0.656922 0.498661 0.657325 0.517578
0 0.879308 0.296617 0.879514 0.321209 0.881611 0.337298 0.899433 0.390364 0.906113 0.397023 0.91658 0.401814 0.927277 0.399984 0.94508 0.377391 0.963117 0.363309 0.982844 0.331269 0.988919 0.309552 0.98915 0.302933 0.985491 0.285887 0.983922 0.254669 0.973517 0.232855 0.964711 0.226183 0.955241 0.223291 0.953778 0.2195 0.939523 0.21658 0.924309 0.225948 0.895739 0.237131 0.885309 0.246528 0.881225 0.256908 0.879308 0.296617
0 0.761166 0 0.760358 0.00274063 0.758111 0.0519063 0.760644 0.0859688 0.760425 0.137984 0.76555 0.173953 0.771238 0.193847 0.777253 0.204286 0.780908 0.206198 0.790514 0.220441 0.797259 0.225208 0.80417 0.225248 0.815297 0.211127 0.820678 0.209267 0.834195 0.187594 0.856177 0.13665 0.861977 0.0771016 0.859945 0.0591203 0.861264 0.0212984 0.86 0.0118328 0.856806 0 0.761166 0
0 0.834428 0.714381 0.831341 0.726658 0.830084 0.747456 0.827528 0.759736 0.826703 0.783375 0.829967 0.811767 0.832427 0.817456 0.851003 0.833642 0.870973 0.840378 0.893897 0.83862 0.903795 0.82922 0.912898 0.827383 0.921669 0.819867 0.940072 0.810517 0.952761 0.79735 0.95452 0.792631 0.954319 0.783173 0.942817 0.7623 0.906325 0.711016 0.890303 0.68255 0.876511 0.666392 0.854184 0.666262 0.843984 0.669041 0.839567 0.673742 0.837244 0.679405 0.834428 0.714381
0 0.376447 0.125345 0.372561 0.130052 0.365259 0.156489 0.363898 0.164994 0.364867 0.182969 0.382911 0.199152 0.394075 0.199216 0.396634 0.202069 0.399989 0.197359 0.405367 0.180367 0.407783 0.141605 0.402264 0.132116 0.392927 0.125441 0.376447 0.125345
0 0.0964234 0.882209 0.0906125 0.896363 0.0771953 0.9152 0.0690234 0.920827 0.0644734 0.929312 0.0663406 0.95202 0.0688328 0.956764 0.0847813 0.956856 0.0961094 0.952194 0.116908 0.950423 0.130527 0.941045 0.143248 0.926933 0.156703 0.922283 0.169259 0.912898 0.177262 0.896867 0.180947 0.882702 0.179212 0.856211 0.179202 0.810814 0.173778 0.783356 0.169625 0.780495 0.156005 0.789873 0.142555 0.809656 0.136809 0.821917 0.131295 0.827559 0.121002 0.848306 0.118875 0.848294 0.10755 0.868089 0.0964234 0.882209
0 0.663602 0.901591 0.667986 0.897833 0.67177 0.880831 0.674878 0.822213 0.679486 0.781572 0.681066 0.721053 0.673719 0.703041 0.664681 0.702989 0.630503 0.737783 0.62655 0.74438 0.621572 0.765158 0.620611 0.777447 0.622345 0.803937 0.626603 0.819095 0.6286 0.838022 0.634819 0.857919 0.656225 0.899656 0.663602 0.901591
