0 0.03345 0.796756 0.0356703 0.808439 0.0401156 0.818416 0.0524719 0.819566 0.0634891 0.813898 0.0786937 0.7981 0.0947484 0.774731 0.109644 0.766555 0.128766 0.747297 0.148689 0.734806 0.153991 0.723825 0.158383 0.695545 0.158008 0.678297 0.148883 0.664059 0.128594 0.645913 0.118044 0.640148 0.104737 0.622653 0.08655 0.619047 0.0799078 0.623211 0.0690391 0.638456 0.0651547 0.654352 0.0472547 0.683286 0.0441016 0.694469 0.0395313 0.700738 0.0360969 0.731975 0.03345 0.796756
0 0.917198 0.0604406 0.916 0.0584172 0.845736 0.051875 0.825302 0.105438 0.824912 0.114966 0.828588 0.130608 0.829577 0.146 0.82745 0.171623 0.830245 0.182402 0.835306 0.190523 0.852303 0.196887 0.860587 0.205309 0.870795 0.206259 0.895328 0.186548 0.910253 0.190808 0.92377 0.176764 0.927655 0.160869 0.92802 0.12552 0.917198 0.0604406
0 0.306936 0.557323 0.306267 0.586906 0.308369 0.601447 0.314505 0.609667 0.326128 0.615531 0.334303 0.613423 0.343825 0.604747 0.351503 0.601638 0.364319 0.604742 0.370422 0.60053 0.380677 0.587139 0.385098 0.571294 0.388353 0.518044 0.385253 0.501498 0.383238 0.471666 0.379983 0.458931 0.372688 0.399917 0.368164 0.391845 0.357077 0.386033 0.349936 0.389192 0.342595 0.410505 0.339472 0.43412 0.334014 0.448914 0.331586 0.46877 0.318856 0.516356 0.316006 0.533305 0.309552 0.546091 0.306936 0.557323
0 0.660252 0.700191 0.658586 0.727767 0.661303 0.740453 0.671728 0.762463 0.683197 0.772136 0.695514 0.774239 0.7129 0.771077 0.726105 0.764655 0.756095 0.730152 0.759133 0.721828 0.75907 0.696958 0.750342 0.659806 0.742027 0.63895 0.739581 0.619597 0.731608 0.603553 0.71715 0.587863 0.715195 0.5829 0.710439 0.580544 0.692975 0.585612 0.670902 0.597902 0.667406 0.60427 0.663358 0.637364 0.663911 0.676623 0.660252 0.700191
0 0.458652 0.592486 0.46383 0.59775 0.469202 0.59825 0.483831 0.583355 0.499917 0.57242 0.516625 0.546244 0.550766 0.502563 0.556302 0.485866 0.558309 0.463102 0.550494 0.443247 0.532889 0.425352 0.512864 0.413923 0.497478 0.407711 0.492067 0.408162 0.483075 0.430277 0.475702 0.439153 0.467978 0.456603 0.456058 0.497572 0.453692 0.542297 0.457445 0.556034 0.456627 0.576041 0.458652 0.592486
0 0.419892 0.194883 0.420881 0.210277 0.433797 0.237298 0.44638 0.24612 0.454975 0.24692 0.464272 0.230572 0.479298 0.192763 0.491702 0.179573 0.504609 0.153998 0.506042 0.132137 0.497423 0.105516 0.493367 0.0860109 0.486041 0.0805484 0.458478 0.0292109 0.450956 0.0285109 0.441084 0.0457609 0.438469 0.0569922 0.431936 0.0716859 0.422625 0.114808 0.42162 0.126191 0.423341 0.13687 0.422944 0.159784 0.419892 0.194883
0 0.572505 0.736011 0.572684 0.758022 0.59795 0.799583 0.617936 0.811962 0.622958 0.821038 0.629825 0.824545 0.639884 0.815919 0.6559 0.793503 0.661467 0.789239 0.663966 0.780866 0.664744 0.761813 0.663366 0.755945 0.65505 0.735089 0.645155 0.726517 0.643513 0.713933 0.638225 0.698139 0.626111 0.677886 0.615295 0.665403 0.6016 0.657434 0.590856 0.656434 0.578227 0.661953 0.574692 0.669273 0.569164 0.672584 0.566191 0.705778 0.572505 0.736011
0 0.0519484 0.462819 0.0686344 0.476803 0.0804922 0.476952 0.0947313 0.471583 0.113075 0.471378 0.120597 0.472078 0.133677 0.481903 0.141277 0.480697 0.14738 0.476484 0.150992 0.467258 0.162398 0.452062 0.162134 0.445344 0.155461 0.437072 0.139617 0.428903 0.132369 0.421534 0.121203 0.417627 0.0981578 0.387747 0.0903406 0.367894 0.0736156 0.354861 0.0659469 0.344584 0.0603406 0.3498 0.0555375 0.361784 0.0449875 0.422006 0.0447469 0.441109 0.0519484 0.462819
0 0.102758 0.0639906 0.0970422 0.0586781 0.0860797 0.0366187 0.0799062 0.02935 0.0762703 0.0127531 0.0717734 0.002925 0.0361469 0.00147344 0.0324125 0.00388906 0.0254203 0.0166266 0.0244469 0.0404438 0.0269391 0.0454562 0.0312984 0.0707266 0.0365078 0.088425 0.0551391 0.120761 0.0618812 0.140514 0.0685937 0.147833 0.0781859 0.150639 0.11738 0.128467 0.124753 0.119591 0.125952 0.103445 0.102758 0.0639906
0 0.605375 1 0.611919 0.998837 0.620287 0.991966 0.624983 0.969452 0.626189 0.939919 0.628766 0.929639 0.630159 0.908731 0.630556 0.885817 0.620606 0.838987 0.620116 0.824598 0.613559 0.813469 0.604544 0.809759 0.59422 0.811667 0.588575 0.817836 0.570878 0.82862 0.563964 0.839453 0.561956 0.862217 0.571191 0.952969 0.579311 0.978588 0.588817 0.996686 0.604422 1 0.605375 1
