0 0.260794 0.8289 0.255067 0.825167 0.250233 0.817805 0.249927 0.807462 0.235914 0.779508 0.230444 0.774739 0.20888 0.769797 0.185772 0.767286 0.170223 0.772625 0.161312 0.781858 0.147202 0.789078 0.132725 0.801648 0.125216 0.805177 0.113594 0.817716 0.0839344 0.830275 0.0776063 0.836723 0.0700953 0.840252 0.0666563 0.854255 0.0721281 0.859025 0.0851266 0.864058 0.118236 0.868359 0.126817 0.872061 0.149544 0.876128 0.171998 0.877439 0.196636 0.873727 0.22242 0.865347 0.235784 0.865031 0.258459 0.857719 0.262502 0.833536 0.260794 0.8289
0 0.891872 0.49678 0.895619 0.493117 0.928566 0.490352 0.942041 0.485723 0.945005 0.481381 0.95588 0.475747 0.961664 0.463789 0.967983 0.426477 0.963317 0.399112 0.954702 0.387823 0.942848 0.378123 0.937777 0.375591 0.916995 0.37133 0.897361 0.362402 0.872034 0.357328 0.852306 0.356505 0.802717 0.380658 0.786169 0.393939 0.766967 0.394834 0.728219 0.405767 0.719052 0.416038 0.717778 0.421225 0.723122 0.426513 0.723811 0.435298 0.717228 0.442783 0.71468 0.453156 0.717823 0.459675 0.711748 0.465084 0.718384 0.46898 0.727544 0.48578 0.736923 0.493955 0.745505 0.497656 0.772522 0.503575 0.796412 0.506767 0.828561 0.499527 0.871253 0.499586 0.886291 0.496322 0.891872 0.49678
0 0.865766 0.776903 0.872222 0.769936 0.877625 0.759533 0.879773 0.746923 0.889959 0.732503 0.888106 0.724591 0.870255 0.708402 0.844928 0.703328 0.82933 0.697288 0.820239 0.695661 0.783256 0.695539 0.760692 0.698541 0.754328 0.697402 0.738892 0.698428 0.696906 0.710948 0.673866 0.723609 0.658191 0.729467 0.655481 0.732772 0.646094 0.751667 0.640744 0.773448 0.641211 0.790859 0.650081 0.801109 0.661008 0.806855 0.681789 0.811116 0.699078 0.818 0.747208 0.815242 0.778192 0.808877 0.809795 0.796123 0.821342 0.795483 0.8514 0.785161 0.865766 0.776903
0 0.286934 0.270483 0.276697 0.273523 0.265313 0.281233 0.252875 0.285505 0.243181 0.294056 0.242034 0.298725 0.249214 0.308131 0.250447 0.322428 0.255681 0.332028 0.285656 0.360675 0.316455 0.370519 0.328034 0.377464 0.363489 0.383808 0.374236 0.378694 0.386639 0.366836 0.390495 0.358862 0.389645 0.343009 0.366542 0.313427 0.340273 0.300603 0.329422 0.282961 0.316933 0.275852 0.307316 0.272506 0.286934 0.270483
0 0.177964 0.648397 0.203042 0.627437 0.217833 0.598139 0.213537 0.538353 0.209052 0.521848 0.209891 0.506839 0.206747 0.50032 0.197877 0.49007 0.183569 0.482637 0.172916 0.479647 0.157664 0.464466 0.132048 0.452842 0.108284 0.449131 0.0987187 0.457164 0.0933688 0.478947 0.084075 0.489738 0.0689437 0.501106 0.0643234 0.512191 0.0545203 0.525055 0.0502984 0.538377 0.0455156 0.542394 0.0430938 0.552248 0.0358734 0.562327 0.0277266 0.568448 0.0200297 0.588187 0.0207188 0.596973 0.0162422 0.611333 0.0248578 0.62262 0.0261844 0.628812 0.0358187 0.635952 0.0797438 0.650309 0.123378 0.658119 0.14258 0.657223 0.155927 0.653116 0.167472 0.652475 0.177964 0.648397
0 0.453167 0.586653 0.395641 0.577441 0.382677 0.579994 0.369856 0.58582 0.363528 0.592269 0.357378 0.609577 0.341611 0.623539 0.340736 0.630962 0.352878 0.647214 0.378858 0.653487 0.397295 0.655703 0.409478 0.65247 0.432188 0.652744 0.46228 0.650008 0.50057 0.65253 0.510425 0.651044 0.554027 0.651267 0.564519 0.647189 0.567194 0.636297 0.565869 0.630105 0.561833 0.627217 0.54038 0.617962 0.523489 0.613316 0.489947 0.599191 0.453167 0.586653
0 0.757105 0.137511 0.758709 0.119389 0.747239 0.108133 0.732022 0.100536 0.70475 0.0956547 0.686203 0.09775 0.633616 0.118659 0.629869 0.12232 0.611994 0.129409 0.603209 0.138123 0.571478 0.151395 0.53662 0.161942 0.525238 0.16965 0.516036 0.172336 0.492666 0.197931 0.479081 0.20687 0.471478 0.218505 0.472294 0.226772 0.485073 0.24043 0.498327 0.244425 0.527909 0.243764 0.561638 0.241678 0.593277 0.236512 0.621295 0.234488 0.66148 0.225436 0.699431 0.21003 0.728528 0.188164 0.757105 0.137511
0 0.303698 0.0477047 0.277514 0.0538469 0.260133 0.0550687 0.240056 0.0633875 0.23942 0.0659797 0.224798 0.075275 0.217706 0.0848344 0.215413 0.0941703 0.220172 0.11343 0.236442 0.124464 0.280877 0.136747 0.304292 0.1496 0.339634 0.160258 0.356108 0.158873 0.370075 0.14838 0.39495 0.139836 0.399028 0.123241 0.395722 0.109655 0.367836 0.0840891 0.364566 0.0780891 0.336425 0.0535609 0.319791 0.0478766 0.303698 0.0477047
0 0.806298 0.970623 0.806044 0.969794 0.797844 0.964537 0.784139 0.946925 0.776722 0.942348 0.769144 0.930705 0.757419 0.920484 0.742873 0.917881 0.723597 0.930675 0.700736 0.954197 0.697295 0.9682 0.702961 0.974233 0.806298 0.970623
0 0.456744 0.830939 0.453581 0.820628 0.448366 0.814822 0.440183 0.813358 0.417253 0.821706 0.407942 0.828703 0.406286 0.835445 0.409684 0.840927 0.409227 0.854381 0.40497 0.860116 0.400639 0.87775 0.392109 0.885428 0.386197 0.897906 0.398084 0.915194 0.406028 0.921487 0.420464 0.928403 0.459155 0.933161 0.472645 0.932327 0.494064 0.933994 0.509356 0.929692 0.510503 0.925025 0.50345 0.9151 0.499236 0.901352 0.483747 0.890998 0.471587 0.870956 0.462591 0.861223 0.456744 0.830939
