0 0.842708 0.743519 0.852083 0.755556 0.866667 0.766667 0.871355 0.773148 0.885417 0.781481 0.902605 0.807408 0.909895 0.812037 0.914583 0.818519 0.928645 0.818519 0.932292 0.812037 0.934895 0.798148 0.933333 0.764814 0.935417 0.755556 0.935417 0.732408 0.932813 0.710186 0.925 0.687037 0.9125 0.663889 0.909895 0.650927 0.898958 0.630556 0.875 0.632408 0.870833 0.635186 0.86823 0.641667 0.86198 0.648148 0.852083 0.650927 0.827605 0.671297 0.823958 0.677778 0.822917 0.7 0.82448 0.723148 0.832292 0.737038 0.842708 0.743519
0 0.36198 0.226852 0.366145 0.24537 0.383333 0.280556 0.394792 0.287038 0.4 0.287038 0.404167 0.280556 0.4125 0.277778 0.420833 0.282408 0.43125 0.282408 0.43698 0.277778 0.44323 0.282408 0.445833 0.275 0.460417 0.262038 0.466667 0.250927 0.46875 0.241667 0.469792 0.213889 0.46875 0.189814 0.45625 0.160186 0.448958 0.118519 0.44323 0.10463 0.442708 0.0990734 0.438542 0.0962969 0.430208 0.0648141 0.423438 0.0527781 0.41875 0.0509266 0.411458 0.0416672 0.398958 0.0388891 0.36198 0.0416672 0.336458 0.0527781 0.327083 0.0638891 0.319792 0.0777781 0.31823 0.0833328 0.317708 0.10463 0.3125 0.125927 0.31198 0.151852 0.314583 0.171297 0.346355 0.213889 0.36198 0.226852
0 0.652605 0.157408 0.659375 0.178703 0.659375 0.185186 0.66302 0.2 0.682292 0.237962 0.698438 0.257408 0.70677 0.271297 0.710417 0.273148 0.730208 0.277778 0.752083 0.277778 0.76875 0.273148 0.777083 0.262038 0.78073 0.25 0.78125 0.228703 0.784895 0.210186 0.773958 0.163889 0.7625 0.135186 0.744792 0.107408 0.742188 0.0962969 0.727083 0.0694437 0.716667 0.0574078 0.708855 0.0527781 0.697917 0.05 0.685417 0.0509266 0.669792 0.0444437 0.6625 0.0481484 0.65 0.0694437 0.64948 0.0953703 0.646355 0.112037 0.646355 0.121297 0.652605 0.157408
0 0.34323 0.762038 0.34948 0.773148 0.359375 0.780556 0.364063 0.780556 0.371875 0.771297 0.385417 0.766667 0.39375 0.759259 0.416145 0.723148 0.420312 0.690741 0.425 0.677778 0.425 0.641667 0.41823 0.632408 0.404687 0.623148 0.396355 0.621297 0.38125 0.625927 0.35677 0.655556 0.348958 0.684259 0.333855 0.699073 0.329167 0.712962 0.327605 0.723148 0.329167 0.743519 0.333855 0.752778 0.34323 0.762038
0 0.575 0.888889 0.588542 0.900927 0.6 0.902778 0.614062 0.909259 0.627605 0.910186 0.632292 0.913889 0.642188 0.913889 0.653125 0.918519 0.660417 0.925 0.68073 0.927778 0.689063 0.925 0.703645 0.925927 0.71302 0.914814 0.71875 0.912037 0.723958 0.900927 0.730208 0.85463 0.730208 0.810186 0.726042 0.791667 0.719792 0.77963 0.717187 0.768519 0.711458 0.759259 0.68698 0.739814 0.65625 0.732408 0.59948 0.750927 0.584375 0.759259 0.569792 0.762038 0.564063 0.766667 0.55573 0.777778 0.551042 0.793519 0.55 0.80463 0.53802 0.823148 0.53125 0.850927 0.53177 0.875 0.541145 0.882408 0.56302 0.882408 0.575 0.888889
0 0.62552 0.591667 0.64323 0.593519 0.659375 0.605556 0.666667 0.60463 0.680208 0.588889 0.68177 0.562037 0.68073 0.543519 0.67552 0.532408 0.671875 0.510186 0.664062 0.481481 0.659895 0.443519 0.65677 0.434259 0.64948 0.391667 0.64375 0.382408 0.632812 0.382408 0.627083 0.385186 0.625 0.389814 0.619792 0.412963 0.61823 0.430556 0.610417 0.466667 0.604688 0.505556 0.60573 0.563889 0.610417 0.575927 0.61823 0.587037 0.62552 0.591667
0 0.127605 0.444444 0.1375 0.460186 0.147395 0.466667 0.165625 0.494444 0.18177 0.525927 0.191145 0.535186 0.195312 0.543519 0.223958 0.560186 0.234895 0.571297 0.247395 0.575927 0.255208 0.573148 0.266145 0.557408 0.267708 0.543519 0.26198 0.514814 0.254167 0.482408 0.24375 0.452778 0.23698 0.425927 0.221355 0.388889 0.2 0.355556 0.173958 0.332408 0.120313 0.316667 0.102605 0.319444 0.09375 0.333333 0.0890625 0.35 0.0890625 0.377778 0.0942703 0.39537 0.123438 0.441667 0.127605 0.444444
0 0.126562 0.821297 0.13802 0.838889 0.140625 0.838889 0.152083 0.850927 0.1625 0.855556 0.171875 0.855556 0.189583 0.846297 0.197395 0.827778 0.201563 0.781481 0.209895 0.755556 0.214062 0.718519 0.209895 0.702778 0.197395 0.691667 0.184895 0.669444 0.16823 0.669444 0.15573 0.675927 0.135937 0.709259 0.13073 0.713889 0.11198 0.747222 0.109375 0.764814 0.11198 0.780556 0.122395 0.80463 0.126562 0.821297
0 0.929688 0.175927 0.93802 0.163889 0.942708 0.150927 0.963542 0.112037 0.975 0.0712969 0.973958 0.0509266 0.96823 0.0398141 0.964063 0.0388891 0.959895 0.0324078 0.952605 0.0277781 0.936458 0.0277781 0.927083 0.0398141 0.923958 0.0546297 0.917188 0.0666672 0.9125 0.0694437 0.908855 0.0787031 0.89427 0.0962969 0.891145 0.10463 0.88125 0.114814 0.873437 0.128703 0.873437 0.143519 0.889062 0.159259 0.915625 0.175927 0.929688 0.175927
0 0.852083 0.491667 0.85677 0.487038 0.869792 0.484259 0.876042 0.487038 0.89375 0.487038 0.902605 0.493519 0.915625 0.496297 0.930208 0.480556 0.934895 0.471297 0.939063 0.455556 0.93698 0.416667 0.933855 0.403703 0.93177 0.382408 0.925 0.368519 0.920312 0.368519 0.91198 0.377778 0.89948 0.385186 0.892188 0.402778 0.875 0.419444 0.867188 0.430556 0.839063 0.443519 0.829688 0.449073 0.825 0.455556 0.825 0.463889 0.83698 0.484259 0.845313 0.491667 0.852083 0.491667
