0 0.116083 0.741022 0.110159 0.772178 0.114409 0.810709 0.119581 0.827236 0.123406 0.862961 0.127061 0.873003 0.134094 0.880745 0.143512 0.879639 0.152984 0.871864 0.179183 0.826903 0.185798 0.821367 0.187183 0.816445 0.200991 0.798642 0.216414 0.784456 0.220945 0.768694 0.2202 0.749742 0.21665 0.726361 0.213564 0.720059 0.206291 0.71425 0.179381 0.69837 0.174672 0.698922 0.15813 0.684681 0.151948 0.682552 0.13468 0.684578 0.129917 0.691802 0.125198 0.702827 0.124233 0.721027 0.116083 0.741022
0 0.858894 0.0731469 0.853216 0.0357375 0.842913 0.00490469 0.754461 0.00438906 0.749855 0.0354953 0.759869 0.0628781 0.763223 0.0919937 0.768492 0.105655 0.776572 0.113273 0.786133 0.113103 0.806152 0.122177 0.819667 0.112973 0.832572 0.0962281 0.844891 0.0966859 0.856792 0.0838656 0.858894 0.0731469
0 0.193695 0.287359 0.197731 0.296405 0.203861 0.305205 0.211373 0.309083 0.229733 0.310734 0.24857 0.308523 0.270602 0.299273 0.273509 0.290366 0.286369 0.269817 0.304531 0.221041 0.304645 0.197228 0.308041 0.173983 0.308208 0.143502 0.297502 0.0904984 0.294272 0.0832625 0.276116 0.0654031 0.23577 0.0768031 0.221678 0.0927359 0.209192 0.122759 0.207613 0.133416 0.194887 0.165372 0.186587 0.194905 0.18298 0.244828 0.189242 0.265036 0.193695 0.287359
0 0.540019 0.0601266 0.537589 0.0651719 0.532117 0.0677172 0.522531 0.0993047 0.512483 0.113811 0.509334 0.124652 0.505213 0.164166 0.493825 0.187397 0.492709 0.215133 0.494919 0.247239 0.504038 0.265208 0.519958 0.282378 0.531133 0.285825 0.539736 0.293383 0.559284 0.295848 0.568553 0.30428 0.584491 0.300505 0.596491 0.284817 0.605456 0.256159 0.619734 0.244963 0.639211 0.218878 0.64792 0.213097 0.652637 0.202072 0.652086 0.177386 0.644511 0.134486 0.638061 0.109542 0.62913 0.0963109 0.627036 0.0965562 0.619861 0.0878797 0.607878 0.0826234 0.582778 0.0646266 0.567886 0.0682781 0.561659 0.0623453 0.558805 0.0645859 0.553908 0.0604 0.540019 0.0601266
0 0.339109 0.578716 0.340716 0.592805 0.346642 0.617812 0.351822 0.623867 0.361187 0.629431 0.370225 0.629322 0.378934 0.623541 0.386411 0.613144 0.401347 0.613294 0.408725 0.605764 0.414109 0.595614 0.416786 0.578164 0.408083 0.517311 0.371067 0.41028 0.364698 0.403411 0.347572 0.406373 0.346297 0.45412 0.343956 0.46677 0.346078 0.491272 0.344625 0.523808 0.342567 0.538328 0.342648 0.556405 0.339739 0.565314 0.339109 0.578716
0 0.707487 0.668742 0.712517 0.684336 0.724775 0.701934 0.733858 0.705628 0.737706 0.709936 0.754975 0.707909 0.777103 0.695792 0.784341 0.687328 0.788011 0.676425 0.795063 0.663222 0.799345 0.659864 0.803159 0.649897 0.799469 0.62558 0.783183 0.588462 0.777195 0.580598 0.768742 0.563503 0.763713 0.547911 0.7351 0.520808 0.723303 0.520289 0.720209 0.524459 0.709645 0.528556 0.69903 0.539322 0.693167 0.553336 0.707487 0.668742
0 0.47037 0.489056 0.476092 0.530269 0.482311 0.546675 0.488566 0.577353 0.494409 0.584283 0.504875 0.583055 0.51088 0.569975 0.521637 0.560145 0.528405 0.545072 0.532164 0.541773 0.541414 0.514986 0.546461 0.509634 0.553183 0.490758 0.559372 0.482416 0.562281 0.473508 0.563681 0.447641 0.560461 0.429933 0.549817 0.415952 0.540212 0.412319 0.523573 0.400945 0.507164 0.398111 0.500175 0.394172 0.486331 0.397702 0.485223 0.414966 0.481694 0.426803 0.478456 0.430039 0.474067 0.446737 0.47037 0.489056
0 0.3843 0.220244 0.401978 0.241967 0.415006 0.247102 0.421809 0.246303 0.428292 0.229359 0.430642 0.206236 0.434747 0.187667 0.438889 0.183373 0.451855 0.149486 0.452386 0.138953 0.44945 0.123114 0.428409 0.0827469 0.422467 0.0786859 0.384975 0.0316828 0.380266 0.0322344 0.373836 0.0425094 0.37145 0.0513563 0.371247 0.0675625 0.367905 0.0841391 0.365883 0.112933 0.38093 0.212072 0.3843 0.220244
0 0.612622 0.633234 0.610998 0.640089 0.615302 0.671948 0.625936 0.696403 0.631578 0.719539 0.649592 0.736463 0.661708 0.753127 0.668175 0.757128 0.685531 0.762706 0.690189 0.768822 0.693852 0.768392 0.695847 0.771014 0.700655 0.767594 0.711562 0.748227 0.721894 0.735591 0.723002 0.718327 0.719303 0.704481 0.714983 0.693566 0.708997 0.6857 0.695355 0.673023 0.688614 0.65668 0.68087 0.644261 0.672364 0.633838 0.653064 0.618967 0.642413 0.615458 0.628806 0.617055 0.620097 0.622837 0.612622 0.633234
0 0.0671563 0.422156 0.0632 0.431187 0.0616141 0.452317 0.0629641 0.489283 0.0657047 0.510856 0.0715422 0.528258 0.079525 0.538744 0.0994453 0.550684 0.117388 0.539059 0.135178 0.53697 0.141414 0.532431 0.1456 0.531939 0.159436 0.538883 0.167808 0.5379 0.173192 0.527748 0.176153 0.51217 0.179869 0.50507 0.176356 0.495964 0.171461 0.491778 0.154911 0.488009 0.146306 0.480452 0.135131 0.477005 0.126955 0.472253 0.122963 0.467009 0.115211 0.465064 0.0949703 0.436978 0.0889297 0.435783 0.0697719 0.421848 0.0671563 0.422156
0 0.0590016 0.150861 0.0540609 0.142873 0.0432219 0.134627 0.0329609 0.119648 0.0214562 0.110528 0.0150969 0.0931875 0.00245781 0.0765844 0.00223125 0.0766719 0.00557656 0.191636 0.00683437 0.193158 0.0217359 0.216477 0.0317328 0.227361 0.0456219 0.227634 0.0717047 0.206486 0.0831812 0.190859 0.0838547 0.181261 0.0823375 0.174777 0.0780625 0.167662 0.0741156 0.166222 0.0718359 0.16173 0.0590016 0.150861
0 0.664109 0.902298 0.673937 0.924944 0.691377 0.948598 0.704361 0.94993 0.7144 0.945895 0.718542 0.941602 0.721069 0.933689 0.720377 0.908069 0.710591 0.833062 0.690464 0.781166 0.680202 0.766188 0.67402 0.764058 0.662791 0.76728 0.658552 0.774441 0.647369 0.781464 0.637745 0.798777 0.637453 0.807378 0.641766 0.828767 0.650972 0.854341 0.664109 0.902298
