0 0.114114 0.394375 0.127081 0.378114 0.131805 0.378003 0.154531 0.358697 0.160334 0.351991 0.161938 0.345381 0.160169 0.321955 0.156655 0.303262 0.1487 0.288428 0.130461 0.27665 0.112989 0.2611 0.110536 0.256464 0.102834 0.25195 0.0671828 0.211478 0.0561906 0.205162 0.0467453 0.205384 0.0416078 0.213953 0.0402875 0.224309 0.04455 0.259883 0.0432 0.276811 0.047675 0.315195 0.0604344 0.344938 0.0728719 0.363422 0.0778891 0.381141 0.0849656 0.391302 0.0912344 0.397725 0.108553 0.397322 0.114114 0.394375
0 0.929728 1 0.933473 0.982602 0.938263 0.934614 0.935431 0.89713 0.93098 0.886908 0.916486 0.875981 0.904556 0.878138 0.888205 0.8635 0.872944 0.856347 0.855423 0.86802 0.846048 0.869178 0.839862 0.877772 0.837775 0.891902 0.841017 0.920927 0.837367 0.949175 0.856869 1 0.929728 1
0 0.367989 0.985486 0.381722 0.965452 0.383256 0.957905 0.381847 0.90443 0.374859 0.874553 0.366339 0.852222 0.360897 0.828881 0.332239 0.783552 0.31508 0.765178 0.310244 0.756842 0.286656 0.750822 0.267763 0.751262 0.250202 0.755428 0.243733 0.760273 0.239717 0.769755 0.2378 0.779188 0.238448 0.801702 0.236856 0.822391 0.251556 0.870862 0.266275 0.898681 0.285858 0.928262 0.289784 0.938497 0.308702 0.966217 0.326033 0.979894 0.367989 0.985486
0 0.617497 0.947739 0.623411 0.949478 0.626914 0.954091 0.640417 0.951897 0.644262 0.947114 0.647553 0.948914 0.652306 0.942233 0.667667 0.943752 0.688153 0.92262 0.69868 0.915803 0.703744 0.906297 0.705844 0.906248 0.711605 0.892033 0.712319 0.86667 0.710114 0.823539 0.705127 0.799248 0.69805 0.789088 0.68825 0.784622 0.663389 0.761734 0.646936 0.752731 0.631764 0.725863 0.616533 0.712137 0.600122 0.710644 0.592956 0.720198 0.574417 0.725325 0.567706 0.73393 0.557564 0.738861 0.545858 0.757909 0.540975 0.776798 0.546005 0.808598 0.553305 0.835652 0.569627 0.856861 0.5825 0.895048 0.588002 0.905247 0.601063 0.918083 0.617497 0.947739
0 0.383514 0.634033 0.395705 0.523914 0.390581 0.463016 0.384059 0.44627 0.376528 0.437059 0.367636 0.430695 0.353083 0.432914 0.343453 0.423752 0.333653 0.419286 0.324802 0.420431 0.3169 0.427187 0.313197 0.433845 0.313008 0.459195 0.314594 0.473241 0.318208 0.486298 0.323044 0.494634 0.327013 0.512377 0.332272 0.526336 0.340975 0.55805 0.344389 0.582377 0.349508 0.594461 0.361442 0.641119 0.378831 0.641652 0.383514 0.634033
0 0.74612 0.402141 0.753716 0.363475 0.751877 0.339111 0.74592 0.329863 0.740986 0.327161 0.731144 0.315188 0.725117 0.305002 0.716155 0.297702 0.69183 0.288883 0.674511 0.289288 0.671716 0.294045 0.663672 0.298928 0.655641 0.317891 0.654219 0.333881 0.66607 0.44907 0.674933 0.462006 0.687711 0.471095 0.698945 0.473648 0.702902 0.477311 0.714306 0.475167 0.736184 0.444617 0.737605 0.428625 0.742034 0.410684 0.74612 0.402141
0 0.513216 0.631941 0.519159 0.627109 0.53455 0.622056 0.548255 0.608594 0.556823 0.603698 0.564088 0.588509 0.563269 0.570692 0.556109 0.545514 0.551275 0.537178 0.543361 0.529853 0.53257 0.512269 0.526444 0.507719 0.511412 0.482723 0.507002 0.480009 0.497019 0.466162 0.484311 0.458011 0.475519 0.446012 0.465023 0.446258 0.460866 0.453864 0.461625 0.484825 0.459225 0.501778 0.462863 0.542998 0.475947 0.583997 0.483973 0.599769 0.487859 0.602494 0.493956 0.613616 0.498903 0.630398 0.513216 0.631941
0 0.483625 1 0.50795 0.952177 0.512845 0.947367 0.524356 0.904856 0.523678 0.888912 0.520802 0.878653 0.500552 0.847209 0.495545 0.843572 0.487378 0.825927 0.479908 0.80357 0.469783 0.787848 0.462959 0.788008 0.451384 0.79485 0.438983 0.818608 0.43752 0.827091 0.44502 0.926422 0.453441 0.954387 0.460416 0.970184 0.464242 0.986053 0.468553 0.994402 0.473783 1 0.483625 1
0 0.633703 0.361584 0.638486 0.348331 0.641411 0.331366 0.651895 0.317039 0.655983 0.308495 0.657758 0.297189 0.65827 0.283095 0.653323 0.266314 0.640403 0.25535 0.625414 0.237864 0.619953 0.235175 0.618592 0.238023 0.614917 0.238109 0.611739 0.244755 0.596036 0.252631 0.590617 0.257452 0.582514 0.275478 0.568709 0.294575 0.568378 0.318052 0.563466 0.343512 0.566397 0.375361 0.569516 0.381859 0.579145 0.391022 0.588945 0.395486 0.602591 0.395167 0.612209 0.390248 0.62773 0.372989 0.633703 0.361584
0 0.128498 0.612766 0.131223 0.60707 0.138147 0.601277 0.148289 0.596345 0.155 0.587741 0.17032 0.58175 0.174164 0.576966 0.175556 0.567545 0.170338 0.561097 0.163958 0.546227 0.156427 0.537014 0.14803 0.537211 0.136072 0.545939 0.131873 0.546036 0.124767 0.542448 0.106923 0.542864 0.0867969 0.533947 0.0700141 0.54842 0.0645656 0.559812 0.0627609 0.577691 0.0649125 0.599231 0.0718703 0.63568 0.0781516 0.656186 0.0840359 0.664497 0.0866594 0.664436 0.102252 0.648112 0.107883 0.646103 0.121364 0.615748 0.128498 0.612766
0 0.104163 1 0.106841 0.994402 0.10917 0.976511 0.118362 0.96597 0.125033 0.949856 0.133772 0.940264 0.136809 0.931745 0.146911 0.919305 0.148131 0.914583 0.151664 0.912623 0.154247 0.905053 0.154277 0.898481 0.151469 0.889159 0.136763 0.875422 0.106553 0.858291 0.09305 0.860484 0.0857234 0.872545 0.0763906 0.897484 0.0662594 0.916495 0.0553844 0.967442 0.05785 0.986159 0.0632797 0.99542 0.0686703 0.997172 0.07145 1 0.104163 1
0 0.603928 0.0646984 0.598922 0.0610609 0.588214 0.0584937 0.57583 0.0616 0.564095 0.0872203 0.559566 0.110795 0.557472 0.159658 0.554205 0.186019 0.554783 0.207597 0.556994 0.215994 0.570267 0.231642 0.582763 0.236983 0.588506 0.24342 0.600194 0.245025 0.605755 0.242078 0.612423 0.225964 0.620461 0.172267 0.613227 0.0973375 0.608169 0.0721094 0.603928 0.0646984
