0 0.863006 0.704173 0.856331 0.700016 0.83838 0.701747 0.82138 0.715508 0.808683 0.718178 0.800034 0.724538 0.786883 0.729103 0.774016 0.741625 0.769172 0.759534 0.765663 0.785587 0.769539 0.799125 0.773728 0.806791 0.783172 0.815395 0.789903 0.828456 0.795 0.832333 0.801731 0.845392 0.811998 0.855133 0.821853 0.882586 0.832106 0.899241 0.842459 0.904055 0.849375 0.900352 0.857442 0.884995 0.860923 0.872772 0.861775 0.860078 0.870838 0.836006 0.878125 0.798772 0.877942 0.778977 0.869309 0.741861 0.867634 0.716858 0.863006 0.704173
0 0.18975 0 0.188266 0.00353438 0.180381 0.0386875 0.181858 0.0508078 0.194369 0.0649016 0.206908 0.0651672 0.221805 0.0875922 0.230283 0.0910844 0.247269 0.0842391 0.261088 0.0837437 0.272152 0.0718875 0.279878 0.0396734 0.292477 0.0122813 0.294522 0.00375313 0.294205 0 0.18975 0
0 0.828388 0.0991766 0.810864 0.0762828 0.804716 0.0722187 0.792473 0.0729953 0.7783 0.0635453 0.774622 0.0628875 0.765675 0.0682047 0.750322 0.0842359 0.743888 0.108777 0.737852 0.12252 0.732623 0.144313 0.730534 0.173583 0.729906 0.221889 0.736552 0.239875 0.743027 0.267713 0.756772 0.301789 0.7783 0.312555 0.802997 0.316969 0.819372 0.314955 0.823505 0.313717 0.832766 0.302527 0.838573 0.289731 0.844327 0.268033 0.851116 0.253436 0.850578 0.223695 0.852425 0.202288 0.845597 0.164505 0.837006 0.143208 0.835914 0.127202 0.828388 0.0991766
0 0.536255 0.17937 0.531598 0.143953 0.531713 0.1252 0.534541 0.101989 0.53278 0.0819125 0.529713 0.0764234 0.527569 0.0602297 0.528963 0.0407172 0.525611 0.0272719 0.520514 0.0233969 0.51925 0.0172422 0.509877 0.010625 0.498842 0.00865313 0.491628 0.0113156 0.468436 0.00519531 0.451536 0.00711406 0.4335 0.0137719 0.413177 0.0368187 0.405691 0.0611719 0.394981 0.0829734 0.387409 0.112252 0.386173 0.12883 0.406123 0.175873 0.420055 0.193186 0.422128 0.207389 0.420309 0.21497 0.428714 0.253033 0.435459 0.25918 0.444919 0.26087 0.449733 0.256789 0.458822 0.25545 0.470822 0.262536 0.475025 0.263288 0.479841 0.259206 0.489369 0.262886 0.493063 0.25663 0.496216 0.257194 0.499978 0.252925 0.511028 0.247983 0.519081 0.239541 0.525117 0.225798 0.536255 0.17937
0 0.599902 0.514855 0.583764 0.582127 0.58382 0.59103 0.586803 0.601445 0.597211 0.615163 0.611925 0.617792 0.618811 0.627917 0.624889 0.629991 0.629008 0.635669 0.635016 0.635753 0.650808 0.624742 0.660708 0.594892 0.664203 0.575755 0.661833 0.560508 0.663142 0.509359 0.664464 0.487856 0.667731 0.469667 0.666553 0.458586 0.670106 0.411791 0.667494 0.404408 0.656984 0.402528 0.646916 0.40567 0.599902 0.514855
0 0.511708 0.77972 0.499167 0.779455 0.492252 0.783159 0.478403 0.797483 0.471998 0.808195 0.467012 0.822125 0.450381 0.838916 0.436803 0.868109 0.432712 0.885164 0.441772 0.897653 0.461214 0.901128 0.486094 0.925338 0.507694 0.938092 0.541081 0.951964 0.551945 0.963787 0.593981 0.971302 0.620086 0.949287 0.639189 0.899344 0.648281 0.861442 0.649517 0.844866 0.646181 0.824506 0.64658 0.813708 0.641652 0.799981 0.623447 0.77993 0.611816 0.775875 0.601548 0.766134 0.592091 0.764444 0.583072 0.767772 0.539884 0.771911 0.511708 0.77972
0 0.463159 0.406422 0.452095 0.418278 0.447564 0.430314 0.444197 0.460344 0.44732 0.474736 0.455031 0.485995 0.47092 0.536266 0.474442 0.539859 0.480491 0.555762 0.49083 0.567492 0.497559 0.580553 0.502814 0.581492 0.510939 0.575039 0.519561 0.545948 0.526805 0.529456 0.537259 0.48587 0.539022 0.469388 0.537802 0.442491 0.529836 0.409447 0.528602 0.389462 0.513889 0.386833 0.485414 0.393602 0.474734 0.401573 0.463159 0.406422
0 0.592567 0.111373 0.586816 0.133072 0.5868 0.139986 0.589995 0.156367 0.601056 0.181072 0.603725 0.197359 0.604122 0.223122 0.608069 0.238648 0.613394 0.241577 0.629855 0.234637 0.650477 0.212633 0.654852 0.203533 0.659795 0.173784 0.675534 0.117309 0.678108 0.0723156 0.675553 0.037275 0.67108 0.0216531 0.66537 0.0226094 0.651978 0.0350375 0.629922 0.0607391 0.616458 0.0711781 0.610875 0.083025 0.592567 0.111373
0 0.272827 0.676745 0.267017 0.689541 0.261037 0.712187 0.260709 0.724975 0.269017 0.738317 0.270578 0.745514 0.282933 0.762544 0.28992 0.760828 0.297745 0.753334 0.319916 0.745439 0.354683 0.710152 0.362623 0.683903 0.373773 0.667122 0.382111 0.630075 0.376431 0.617202 0.366164 0.607461 0.342363 0.606172 0.329722 0.617747 0.326342 0.61813 0.313772 0.631694 0.310919 0.632172 0.291559 0.660331 0.281106 0.667356 0.272827 0.676745
0 0.957789 0.199381 0.95935 0.206577 0.967658 0.219919 0.991941 0.242045 0.994533 0.152989 0.984745 0.164673 0.972489 0.172364 0.96195 0.184314 0.957789 0.199381
0 0.0891016 0.627108 0.0844281 0.635166 0.0511656 0.668747 0.0399469 0.683539 0.0383547 0.690172 0.03195 0.700884 0.0319906 0.716702 0.0342766 0.736873 0.0371875 0.745298 0.0370875 0.757138 0.0421562 0.774842 0.0587 0.799538 0.0768641 0.803773 0.0918188 0.798541 0.0986641 0.792847 0.106348 0.781375 0.121916 0.734752 0.137141 0.707828 0.143859 0.691244 0.152481 0.662152 0.14703 0.648331 0.138792 0.636978 0.133056 0.615202 0.112109 0.613434 0.102041 0.616575 0.0891016 0.627108
0 0.915027 0.464461 0.903209 0.477172 0.892913 0.481259 0.879747 0.492741 0.857352 0.501583 0.846686 0.502641 0.838719 0.506158 0.832923 0.512039 0.831261 0.516683 0.833945 0.526055 0.833773 0.535906 0.83623 0.546227 0.8414 0.552091 0.847705 0.553219 0.861381 0.548745 0.875569 0.551281 0.89193 0.556183 0.89673 0.559016 0.898745 0.564317 0.912777 0.569789 0.931353 0.556312 0.9428 0.540572 0.946422 0.532325 0.953937 0.494144 0.956581 0.451139 0.954055 0.43883 0.949325 0.437984 0.942252 0.444625 0.920452 0.45555 0.915027 0.464461
0 0.240289 0.93575 0.236427 0.951858 0.287658 0.961014 0.293048 0.951108 0.309652 0.911586 0.325105 0.883717 0.333188 0.861447 0.331044 0.845253 0.321716 0.817894 0.3122 0.8073 0.301847 0.802486 0.28303 0.823825 0.275103 0.843159 0.260489 0.86525 0.255802 0.880222 0.245573 0.922861 0.240289 0.93575
