0 0.754634 0.299503 0.770338 0.274372 0.768853 0.256152 0.774692 0.235667 0.773052 0.223398 0.77608 0.196144 0.772955 0.165655 0.766089 0.157083 0.74358 0.145572 0.728464 0.13233 0.707681 0.126605 0.687827 0.127812 0.666714 0.141006 0.663273 0.158041 0.65812 0.162273 0.657678 0.166091 0.641062 0.177269 0.619764 0.210448 0.604703 0.240381 0.596137 0.247613 0.59207 0.252828 0.592569 0.256562 0.58262 0.267694 0.584117 0.278897 0.575411 0.285061 0.576409 0.29253 0.582403 0.301717 0.584045 0.313986 0.594678 0.322225 0.646164 0.336581 0.65283 0.336534 0.667675 0.340625 0.683691 0.339214 0.714794 0.329459 0.754634 0.299503
0 0.924523 0.586256 0.916217 0.574034 0.877634 0.556381 0.870255 0.551095 0.861491 0.549708 0.841366 0.541764 0.836084 0.537911 0.835656 0.534711 0.820969 0.52467 0.797588 0.513775 0.791722 0.512672 0.770053 0.514581 0.745931 0.512387 0.720209 0.512494 0.688106 0.51478 0.664611 0.524406 0.651408 0.532584 0.650508 0.547238 0.644555 0.552619 0.646123 0.564355 0.655602 0.571077 0.656244 0.575878 0.661811 0.581864 0.673628 0.613208 0.681078 0.619028 0.687958 0.620581 0.698948 0.631489 0.721244 0.6414 0.737973 0.645323 0.801878 0.645633 0.870722 0.640111 0.882755 0.637431 0.89987 0.629988 0.906694 0.623989 0.909834 0.611838 0.920141 0.603373 0.924066 0.597091 0.924523 0.586256
0 0.323106 0.501045 0.355181 0.47717 0.36753 0.462589 0.376622 0.445056 0.383047 0.421822 0.383733 0.40557 0.381236 0.386898 0.375669 0.380912 0.353587 0.372602 0.341055 0.371547 0.319316 0.37292 0.299889 0.37733 0.256052 0.413036 0.244447 0.418916 0.230072 0.432595 0.229558 0.435878 0.212428 0.450341 0.175214 0.47143 0.17463 0.47418 0.1583 0.487492 0.151161 0.505392 0.142383 0.511022 0.143025 0.515823 0.129292 0.534305 0.129905 0.553141 0.135114 0.556461 0.153728 0.560219 0.167859 0.558975 0.237603 0.5388 0.264653 0.527242 0.272989 0.525428 0.295258 0.513752 0.308889 0.508773 0.323106 0.501045
0 0.49377 0.693816 0.479911 0.704211 0.469519 0.719159 0.461681 0.724708 0.467561 0.754416 0.46168 0.76033 0.460137 0.770181 0.469744 0.784987 0.479948 0.790027 0.517333 0.791592 0.551248 0.788605 0.590459 0.782453 0.628814 0.7699 0.645714 0.760856 0.645586 0.75277 0.63945 0.742517 0.622536 0.722956 0.587009 0.699637 0.56203 0.691042 0.53558 0.692833 0.51247 0.691089 0.49377 0.693816
0 0.753669 1 0.769416 0.994464 0.800148 0.989059 0.820317 0.975948 0.8257 0.966298 0.827242 0.956447 0.830795 0.954516 0.831695 0.939862 0.820278 0.925756 0.805191 0.898478 0.794414 0.889172 0.783553 0.886352 0.743914 0.889302 0.719562 0.892525 0.703903 0.896603 0.653786 0.920988 0.648119 0.928503 0.644834 0.939586 0.648145 0.950089 0.673039 0.965169 0.689525 0.981528 0.724053 0.99738 0.741173 1 0.753669 1
0 0.822309 0.819789 0.845691 0.830683 0.899273 0.846475 0.959125 0.844983 0.976667 0.840739 0.995423 0.839087 0.996025 0.735695 0.969564 0.737734 0.936148 0.744455 0.884548 0.750619 0.849605 0.760172 0.830677 0.768316 0.82117 0.77563 0.819786 0.77953 0.807009 0.790911 0.803227 0.798261 0.804155 0.805195 0.819712 0.81462 0.822309 0.819789
0 0.301917 1 0.336844 0.967248 0.362823 0.947689 0.376912 0.931875 0.373916 0.90947 0.369734 0.899583 0.364453 0.895731 0.358514 0.894094 0.323444 0.895564 0.310839 0.893975 0.290042 0.895267 0.277509 0.894211 0.253958 0.896286 0.226266 0.903042 0.22097 0.906206 0.207522 0.926822 0.203639 0.947673 0.208591 0.970447 0.219295 0.979219 0.222394 0.988122 0.231072 0.995994 0.233814 1 0.301917 1
0 0.84333 0.364017 0.83812 0.360698 0.810886 0.35662 0.802264 0.3563 0.784578 0.359477 0.771059 0.379558 0.772558 0.390759 0.770088 0.393677 0.775227 0.396462 0.792827 0.39977 0.831595 0.397436 0.840231 0.390738 0.845541 0.380555 0.84333 0.364017
0 0 0.217306 0.000185937 0.217512 0.0159578 0.228538 0.0224516 0.241459 0.0335141 0.2529 0.0505281 0.258958 0.0650875 0.260914 0.0911094 0.255923 0.136116 0.250341 0.16258 0.241534 0.164834 0.237017 0.153631 0.224511 0.132134 0.21345 0.119173 0.209194 0.112808 0.204356 0.0907984 0.19658 0.0905125 0.194445 0.0693016 0.185519 0.0537437 0.176094 0.0388984 0.172005 0.0183453 0.160861 0.0116219 0.153356 0.00257187 0.149836 0 0.150373 0 0.217306
0 0.113922 0.747236 0.118261 0.75117 0.135647 0.752878 0.1942 0.748802 0.235137 0.748434 0.295359 0.742592 0.312189 0.733014 0.310977 0.723945 0.271695 0.693941 0.264602 0.690787 0.243305 0.688345 0.230987 0.688889 0.204966 0.69388 0.190534 0.700008 0.172048 0.704334 0.153192 0.713012 0.114808 0.739602 0.113922 0.747236
