0 0.8089029641087109 0.9859202230297148 0.8229583440038368 0.8784748189038416 0.9348330728792007 0.8931058124787461 0.9207796076269688 1.000549485592611
0 0.44747471212053824 0.057494972054668775 0.3881918748517137 0.1568397985982394 0.21130135817895734 0.05128235910266963 0.270584126935546 -0.04806224505683178
0 1.0323472872784123 0.30555659026524934 0.9872208382636245 0.4240993244521022 0.7635599616457966 0.3389574595220035 0.8086870742606607 0.22041594251227664
0 0.41758910820942674 0.37187240555019335 0.43088171723400137 0.2913425094652947 0.6683766166539726 0.33054244726620247 0.6550851845469197 0.41107127159583867
0 0.999389720585441 0.6551103664116421 0.9365669176954725 0.7979683859102721 0.6981953219539037 0.6931524647960613 0.7610193243334606 0.5502981094091104
0 0.4427894228202831 0.6758960766855107 0.42644644886479455 0.7779527709362045 0.22727013435530807 0.7460592710603107 0.2436148906562039 0.6440048076255896
0 0.6360870962444096 0.5129101715867204 0.5844580277289424 0.596290195916484 0.41785532657740987 0.4931362722090354 0.4694842480192847 0.4097575368387058
0 0.9988501275709041 0.07169307115373626 1.0193672218949814 0.14946925658000687 0.9441416199869082 0.16931329235847528 0.9236246518335065 0.09153721204380397
0 0.21314986767197297 0.6685800004068936 0.1836957794088221 0.5829228674678527 0.3462170091348753 0.52704392256757 0.3756717481813894 0.6126997022918269
0 0.6048269057752123 0.1720726861143893 0.5421407099611315 0.09393861434510586 0.6641361150025205 -0.003936795516206884 0.726822224426428 0.07419711229818503
0 0.2052278354082091 0.5337390305622677 0.20470267468328984 0.6028919076214775 0.007062455821255753 0.6013888797486089 0.007588788438056326 0.5322371852546133
0 0.7927644872731889 0.5369056307196711 0.8054285409863269 0.45060303976140065 0.998746461179735 0.4789676277609552 0.9860838563533889 0.5652689247724566