0 0.1915051228070297 0.1628192852801679 0.09242447013241417 0.15456258884787524 0.1057891377266742 -0.005810968561435525 0.20486939289344264 0.0024457107194029767
0 0.9722926583773415 0.8027154487537729 0.873615782479078 0.843271135188044 0.8001168820217117 0.6644637934141017 0.8987900499195121 0.6239089592121079
0 0.798125079507713 0.26923005956108126 0.683745211523842 0.2944606226357719 0.6307271961669585 0.054109184168543656 0.7451056944845504 0.028878779904696478
0 0.6029892261004761 0.38313522137649625 0.6785025215654059 0.38178687595377153 0.6824916424601497 0.6051799973993243 0.6069783476809789 0.6065283198582185
0 0.4896141498373936 0.26507541625532755 0.3506830623239239 0.3031211636600502 0.2848849927968331 0.06284654950169351 0.42381451252549596 0.024801020912473166
0 0.3343965078192923 0.7256122736924806 0.23875929976122734 0.7268631945088561 0.23631081860708036 0.5395516356085884 0.33194460364256884 0.5383007370550607
0 0.579118091025066 0.5525889468509505 0.4960479416498629 0.5883190715914892 0.42403557581349105 0.4209055879692968 0.5071038107333834 0.3851759290366177
0 0.8637749484049664 0.1446202074132134 0.9392061216063894 0.019688332350240863 1.0032316101784318 0.05834552537738525 0.9278006094382363 0.18327724948906485
0 0.38067358307739596 0.609694643319192 0.45546997309645576 0.6484749016992828 0.38237549045322794 0.7894328143873687 0.307579543544648 0.7506532132871453
0 0.9210950958017747 0.3657679745136511 0.9843030259718262 0.4344370434343227 0.878260534722358 0.532039423559811 0.8150532980959042 0.4633710277154123
0 0.4050739208374807 0.9580100604147155 0.34157819056406424 0.9491932498311821 0.36677789670386574 0.7677679172760618 0.43027061969200986 0.7765845163044303
0 0.50625 0.0259259265625 0.5869791671875 0.0259259265625 0.5869791671875 0.2388888890625 0.50625 0.2388888890625